map update id 6 key 0 0 00 00 value 10 0 0 1 10 0 89 127 00 00 00 00 00 00 00 00 00 00 00 00 00 00 00 00 0 21 77 89 127 173 00 00 
map update id 6 key 1 0 00 00 value 10 0 0 1 10 0 214 65 00 00 00 00 00 00 00 00 00 00 00 00 00 00 00 00 0 21 77 214 65 189 00 00 
map update id 6 key 2 0 00 00 value 10 0 0 1 10 0 178 75 00 00 00 00 00 00 00 00 00 00 00 00 00 00 00 00 0 21 77 178 75 200 00 00 
map update id 6 key 3 0 00 00 value 10 0 0 1 10 0 24 77 00 00 00 00 00 00 00 00 00 00 00 00 00 00 00 00 0 21 77 24 77 216 00 00 
map update id 6 key 4 0 00 00 value 10 0 0 1 10 0 75 126 00 00 00 00 00 00 00 00 00 00 00 00 00 00 00 00 0 21 77 75 126 196 00 00 
map update id 6 key 5 0 00 00 value 10 0 0 1 10 0 63 10 00 00 00 00 00 00 00 00 00 00 00 00 00 00 00 00 0 21 77 63 10 174 00 00 
map update id 6 key 6 0 00 00 value 10 0 0 1 10 0 161 129 00 00 00 00 00 00 00 00 00 00 00 00 00 00 00 00 0 21 77 161 129 159 00 00 
map update id 6 key 7 0 00 00 value 10 0 0 1 10 0 129 60 00 00 00 00 00 00 00 00 00 00 00 00 00 00 00 00 0 21 77 129 60 94 00 00 
map update id 6 key 8 0 00 00 value 10 0 0 1 10 0 143 99 00 00 00 00 00 00 00 00 00 00 00 00 00 00 00 00 0 21 77 143 99 92 00 00 
map update id 6 key 9 0 00 00 value 10 0 0 1 10 0 89 127 00 00 00 00 00 00 00 00 00 00 00 00 00 00 00 00 0 21 77 89 127 173 00 00 
map update id 6 key 10 0 00 00 value 10 0 0 1 10 0 214 65 00 00 00 00 00 00 00 00 00 00 00 00 00 00 00 00 0 21 77 214 65 189 00 00 
map update id 6 key 11 0 00 00 value 10 0 0 1 10 0 178 75 00 00 00 00 00 00 00 00 00 00 00 00 00 00 00 00 0 21 77 178 75 200 00 00 
map update id 6 key 12 0 00 00 value 10 0 0 1 10 0 24 77 00 00 00 00 00 00 00 00 00 00 00 00 00 00 00 00 0 21 77 24 77 216 00 00 
map update id 6 key 13 0 00 00 value 10 0 0 1 10 0 75 126 00 00 00 00 00 00 00 00 00 00 00 00 00 00 00 00 0 21 77 75 126 196 00 00 
map update id 6 key 14 0 00 00 value 10 0 0 1 10 0 63 10 00 00 00 00 00 00 00 00 00 00 00 00 00 00 00 00 0 21 77 63 10 174 00 00 
map update id 6 key 15 0 00 00 value 10 0 0 1 10 0 161 129 00 00 00 00 00 00 00 00 00 00 00 00 00 00 00 00 0 21 77 161 129 159 00 00 
map update id 6 key 16 0 00 00 value 10 0 0 1 10 0 129 60 00 00 00 00 00 00 00 00 00 00 00 00 00 00 00 00 0 21 77 129 60 94 00 00 
map update id 6 key 17 0 00 00 value 10 0 0 1 10 0 143 99 00 00 00 00 00 00 00 00 00 00 00 00 00 00 00 00 0 21 77 143 99 92 00 00 
map update id 6 key 18 0 00 00 value 10 0 0 1 10 0 89 127 00 00 00 00 00 00 00 00 00 00 00 00 00 00 00 00 0 21 77 89 127 173 00 00 
map update id 6 key 19 0 00 00 value 10 0 0 1 10 0 214 65 00 00 00 00 00 00 00 00 00 00 00 00 00 00 00 00 0 21 77 214 65 189 00 00 
map update id 6 key 20 0 00 00 value 10 0 0 1 10 0 178 75 00 00 00 00 00 00 00 00 00 00 00 00 00 00 00 00 0 21 77 178 75 200 00 00 
map update id 6 key 21 0 00 00 value 10 0 0 1 10 0 24 77 00 00 00 00 00 00 00 00 00 00 00 00 00 00 00 00 0 21 77 24 77 216 00 00 
map update id 6 key 22 0 00 00 value 10 0 0 1 10 0 75 126 00 00 00 00 00 00 00 00 00 00 00 00 00 00 00 00 0 21 77 75 126 196 00 00 
map update id 6 key 23 0 00 00 value 10 0 0 1 10 0 63 10 00 00 00 00 00 00 00 00 00 00 00 00 00 00 00 00 0 21 77 63 10 174 00 00 
map update id 6 key 24 0 00 00 value 10 0 0 1 10 0 161 129 00 00 00 00 00 00 00 00 00 00 00 00 00 00 00 00 0 21 77 161 129 159 00 00 
map update id 6 key 25 0 00 00 value 10 0 0 1 10 0 129 60 00 00 00 00 00 00 00 00 00 00 00 00 00 00 00 00 0 21 77 129 60 94 00 00 
map update id 6 key 26 0 00 00 value 10 0 0 1 10 0 143 99 00 00 00 00 00 00 00 00 00 00 00 00 00 00 00 00 0 21 77 143 99 92 00 00 
map update id 6 key 27 0 00 00 value 10 0 0 1 10 0 89 127 00 00 00 00 00 00 00 00 00 00 00 00 00 00 00 00 0 21 77 89 127 173 00 00 
map update id 6 key 28 0 00 00 value 10 0 0 1 10 0 214 65 00 00 00 00 00 00 00 00 00 00 00 00 00 00 00 00 0 21 77 214 65 189 00 00 
map update id 6 key 29 0 00 00 value 10 0 0 1 10 0 178 75 00 00 00 00 00 00 00 00 00 00 00 00 00 00 00 00 0 21 77 178 75 200 00 00 
map update id 6 key 30 0 00 00 value 10 0 0 1 10 0 24 77 00 00 00 00 00 00 00 00 00 00 00 00 00 00 00 00 0 21 77 24 77 216 00 00 
map update id 6 key 31 0 00 00 value 10 0 0 1 10 0 75 126 00 00 00 00 00 00 00 00 00 00 00 00 00 00 00 00 0 21 77 75 126 196 00 00 
map update id 6 key 32 0 00 00 value 10 0 0 1 10 0 63 10 00 00 00 00 00 00 00 00 00 00 00 00 00 00 00 00 0 21 77 63 10 174 00 00 
map update id 6 key 33 0 00 00 value 10 0 0 1 10 0 161 129 00 00 00 00 00 00 00 00 00 00 00 00 00 00 00 00 0 21 77 161 129 159 00 00 
map update id 6 key 34 0 00 00 value 10 0 0 1 10 0 129 60 00 00 00 00 00 00 00 00 00 00 00 00 00 00 00 00 0 21 77 129 60 94 00 00 
map update id 6 key 35 0 00 00 value 10 0 0 1 10 0 143 99 00 00 00 00 00 00 00 00 00 00 00 00 00 00 00 00 0 21 77 143 99 92 00 00 
map update id 6 key 36 0 00 00 value 10 0 0 1 10 0 89 127 00 00 00 00 00 00 00 00 00 00 00 00 00 00 00 00 0 21 77 89 127 173 00 00 
map update id 6 key 37 0 00 00 value 10 0 0 1 10 0 214 65 00 00 00 00 00 00 00 00 00 00 00 00 00 00 00 00 0 21 77 214 65 189 00 00 
map update id 6 key 38 0 00 00 value 10 0 0 1 10 0 178 75 00 00 00 00 00 00 00 00 00 00 00 00 00 00 00 00 0 21 77 178 75 200 00 00 
map update id 6 key 39 0 00 00 value 10 0 0 1 10 0 24 77 00 00 00 00 00 00 00 00 00 00 00 00 00 00 00 00 0 21 77 24 77 216 00 00 
map update id 6 key 40 0 00 00 value 10 0 0 1 10 0 75 126 00 00 00 00 00 00 00 00 00 00 00 00 00 00 00 00 0 21 77 75 126 196 00 00 
map update id 6 key 41 0 00 00 value 10 0 0 1 10 0 63 10 00 00 00 00 00 00 00 00 00 00 00 00 00 00 00 00 0 21 77 63 10 174 00 00 
map update id 6 key 42 0 00 00 value 10 0 0 1 10 0 161 129 00 00 00 00 00 00 00 00 00 00 00 00 00 00 00 00 0 21 77 161 129 159 00 00 
map update id 6 key 43 0 00 00 value 10 0 0 1 10 0 129 60 00 00 00 00 00 00 00 00 00 00 00 00 00 00 00 00 0 21 77 129 60 94 00 00 
map update id 6 key 44 0 00 00 value 10 0 0 1 10 0 143 99 00 00 00 00 00 00 00 00 00 00 00 00 00 00 00 00 0 21 77 143 99 92 00 00 
map update id 6 key 45 0 00 00 value 10 0 0 1 10 0 89 127 00 00 00 00 00 00 00 00 00 00 00 00 00 00 00 00 0 21 77 89 127 173 00 00 
map update id 6 key 46 0 00 00 value 10 0 0 1 10 0 214 65 00 00 00 00 00 00 00 00 00 00 00 00 00 00 00 00 0 21 77 214 65 189 00 00 
map update id 6 key 47 0 00 00 value 10 0 0 1 10 0 178 75 00 00 00 00 00 00 00 00 00 00 00 00 00 00 00 00 0 21 77 178 75 200 00 00 
map update id 6 key 48 0 00 00 value 10 0 0 1 10 0 24 77 00 00 00 00 00 00 00 00 00 00 00 00 00 00 00 00 0 21 77 24 77 216 00 00 
map update id 6 key 49 0 00 00 value 10 0 0 1 10 0 75 126 00 00 00 00 00 00 00 00 00 00 00 00 00 00 00 00 0 21 77 75 126 196 00 00 
map update id 6 key 50 0 00 00 value 10 0 0 1 10 0 63 10 00 00 00 00 00 00 00 00 00 00 00 00 00 00 00 00 0 21 77 63 10 174 00 00 
map update id 6 key 51 0 00 00 value 10 0 0 1 10 0 161 129 00 00 00 00 00 00 00 00 00 00 00 00 00 00 00 00 0 21 77 161 129 159 00 00 
map update id 6 key 52 0 00 00 value 10 0 0 1 10 0 129 60 00 00 00 00 00 00 00 00 00 00 00 00 00 00 00 00 0 21 77 129 60 94 00 00 
map update id 6 key 53 0 00 00 value 10 0 0 1 10 0 143 99 00 00 00 00 00 00 00 00 00 00 00 00 00 00 00 00 0 21 77 143 99 92 00 00 
map update id 6 key 54 0 00 00 value 10 0 0 1 10 0 89 127 00 00 00 00 00 00 00 00 00 00 00 00 00 00 00 00 0 21 77 89 127 173 00 00 
map update id 6 key 55 0 00 00 value 10 0 0 1 10 0 214 65 00 00 00 00 00 00 00 00 00 00 00 00 00 00 00 00 0 21 77 214 65 189 00 00 
map update id 6 key 56 0 00 00 value 10 0 0 1 10 0 178 75 00 00 00 00 00 00 00 00 00 00 00 00 00 00 00 00 0 21 77 178 75 200 00 00 
map update id 6 key 57 0 00 00 value 10 0 0 1 10 0 24 77 00 00 00 00 00 00 00 00 00 00 00 00 00 00 00 00 0 21 77 24 77 216 00 00 
map update id 6 key 58 0 00 00 value 10 0 0 1 10 0 75 126 00 00 00 00 00 00 00 00 00 00 00 00 00 00 00 00 0 21 77 75 126 196 00 00 
map update id 6 key 59 0 00 00 value 10 0 0 1 10 0 63 10 00 00 00 00 00 00 00 00 00 00 00 00 00 00 00 00 0 21 77 63 10 174 00 00 
map update id 6 key 60 0 00 00 value 10 0 0 1 10 0 161 129 00 00 00 00 00 00 00 00 00 00 00 00 00 00 00 00 0 21 77 161 129 159 00 00 
map update id 6 key 61 0 00 00 value 10 0 0 1 10 0 129 60 00 00 00 00 00 00 00 00 00 00 00 00 00 00 00 00 0 21 77 129 60 94 00 00 
map update id 6 key 62 0 00 00 value 10 0 0 1 10 0 143 99 00 00 00 00 00 00 00 00 00 00 00 00 00 00 00 00 0 21 77 143 99 92 00 00 
map update id 6 key 63 0 00 00 value 10 0 0 1 10 0 89 127 00 00 00 00 00 00 00 00 00 00 00 00 00 00 00 00 0 21 77 89 127 173 00 00 
map update id 6 key 64 0 00 00 value 10 0 0 1 10 0 214 65 00 00 00 00 00 00 00 00 00 00 00 00 00 00 00 00 0 21 77 214 65 189 00 00 
map update id 6 key 65 0 00 00 value 10 0 0 1 10 0 178 75 00 00 00 00 00 00 00 00 00 00 00 00 00 00 00 00 0 21 77 178 75 200 00 00 
map update id 6 key 66 0 00 00 value 10 0 0 1 10 0 24 77 00 00 00 00 00 00 00 00 00 00 00 00 00 00 00 00 0 21 77 24 77 216 00 00 
map update id 6 key 67 0 00 00 value 10 0 0 1 10 0 75 126 00 00 00 00 00 00 00 00 00 00 00 00 00 00 00 00 0 21 77 75 126 196 00 00 
map update id 6 key 68 0 00 00 value 10 0 0 1 10 0 63 10 00 00 00 00 00 00 00 00 00 00 00 00 00 00 00 00 0 21 77 63 10 174 00 00 
map update id 6 key 69 0 00 00 value 10 0 0 1 10 0 161 129 00 00 00 00 00 00 00 00 00 00 00 00 00 00 00 00 0 21 77 161 129 159 00 00 
map update id 6 key 70 0 00 00 value 10 0 0 1 10 0 129 60 00 00 00 00 00 00 00 00 00 00 00 00 00 00 00 00 0 21 77 129 60 94 00 00 
map update id 6 key 71 0 00 00 value 10 0 0 1 10 0 143 99 00 00 00 00 00 00 00 00 00 00 00 00 00 00 00 00 0 21 77 143 99 92 00 00 
map update id 6 key 72 0 00 00 value 10 0 0 1 10 0 89 127 00 00 00 00 00 00 00 00 00 00 00 00 00 00 00 00 0 21 77 89 127 173 00 00 
map update id 6 key 73 0 00 00 value 10 0 0 1 10 0 214 65 00 00 00 00 00 00 00 00 00 00 00 00 00 00 00 00 0 21 77 214 65 189 00 00 
map update id 6 key 74 0 00 00 value 10 0 0 1 10 0 178 75 00 00 00 00 00 00 00 00 00 00 00 00 00 00 00 00 0 21 77 178 75 200 00 00 
map update id 6 key 75 0 00 00 value 10 0 0 1 10 0 24 77 00 00 00 00 00 00 00 00 00 00 00 00 00 00 00 00 0 21 77 24 77 216 00 00 
map update id 6 key 76 0 00 00 value 10 0 0 1 10 0 75 126 00 00 00 00 00 00 00 00 00 00 00 00 00 00 00 00 0 21 77 75 126 196 00 00 
map update id 6 key 77 0 00 00 value 10 0 0 1 10 0 63 10 00 00 00 00 00 00 00 00 00 00 00 00 00 00 00 00 0 21 77 63 10 174 00 00 
map update id 6 key 78 0 00 00 value 10 0 0 1 10 0 161 129 00 00 00 00 00 00 00 00 00 00 00 00 00 00 00 00 0 21 77 161 129 159 00 00 
map update id 6 key 79 0 00 00 value 10 0 0 1 10 0 129 60 00 00 00 00 00 00 00 00 00 00 00 00 00 00 00 00 0 21 77 129 60 94 00 00 
map update id 6 key 80 0 00 00 value 10 0 0 1 10 0 143 99 00 00 00 00 00 00 00 00 00 00 00 00 00 00 00 00 0 21 77 143 99 92 00 00 
map update id 6 key 81 0 00 00 value 10 0 0 1 10 0 89 127 00 00 00 00 00 00 00 00 00 00 00 00 00 00 00 00 0 21 77 89 127 173 00 00 
map update id 6 key 82 0 00 00 value 10 0 0 1 10 0 214 65 00 00 00 00 00 00 00 00 00 00 00 00 00 00 00 00 0 21 77 214 65 189 00 00 
map update id 6 key 83 0 00 00 value 10 0 0 1 10 0 178 75 00 00 00 00 00 00 00 00 00 00 00 00 00 00 00 00 0 21 77 178 75 200 00 00 
map update id 6 key 84 0 00 00 value 10 0 0 1 10 0 24 77 00 00 00 00 00 00 00 00 00 00 00 00 00 00 00 00 0 21 77 24 77 216 00 00 
map update id 6 key 85 0 00 00 value 10 0 0 1 10 0 75 126 00 00 00 00 00 00 00 00 00 00 00 00 00 00 00 00 0 21 77 75 126 196 00 00 
map update id 6 key 86 0 00 00 value 10 0 0 1 10 0 63 10 00 00 00 00 00 00 00 00 00 00 00 00 00 00 00 00 0 21 77 63 10 174 00 00 
map update id 6 key 87 0 00 00 value 10 0 0 1 10 0 161 129 00 00 00 00 00 00 00 00 00 00 00 00 00 00 00 00 0 21 77 161 129 159 00 00 
map update id 6 key 88 0 00 00 value 10 0 0 1 10 0 129 60 00 00 00 00 00 00 00 00 00 00 00 00 00 00 00 00 0 21 77 129 60 94 00 00 
map update id 6 key 89 0 00 00 value 10 0 0 1 10 0 143 99 00 00 00 00 00 00 00 00 00 00 00 00 00 00 00 00 0 21 77 143 99 92 00 00 
map update id 6 key 90 0 00 00 value 10 0 0 1 10 0 89 127 00 00 00 00 00 00 00 00 00 00 00 00 00 00 00 00 0 21 77 89 127 173 00 00 
map update id 6 key 91 0 00 00 value 10 0 0 1 10 0 214 65 00 00 00 00 00 00 00 00 00 00 00 00 00 00 00 00 0 21 77 214 65 189 00 00 
map update id 6 key 92 0 00 00 value 10 0 0 1 10 0 178 75 00 00 00 00 00 00 00 00 00 00 00 00 00 00 00 00 0 21 77 178 75 200 00 00 
map update id 6 key 93 0 00 00 value 10 0 0 1 10 0 24 77 00 00 00 00 00 00 00 00 00 00 00 00 00 00 00 00 0 21 77 24 77 216 00 00 
map update id 6 key 94 0 00 00 value 10 0 0 1 10 0 75 126 00 00 00 00 00 00 00 00 00 00 00 00 00 00 00 00 0 21 77 75 126 196 00 00 
map update id 6 key 95 0 00 00 value 10 0 0 1 10 0 63 10 00 00 00 00 00 00 00 00 00 00 00 00 00 00 00 00 0 21 77 63 10 174 00 00 
map update id 6 key 96 0 00 00 value 10 0 0 1 10 0 161 129 00 00 00 00 00 00 00 00 00 00 00 00 00 00 00 00 0 21 77 161 129 159 00 00 
map update id 6 key 97 0 00 00 value 10 0 0 1 10 0 129 60 00 00 00 00 00 00 00 00 00 00 00 00 00 00 00 00 0 21 77 129 60 94 00 00 
map update id 6 key 98 0 00 00 value 10 0 0 1 10 0 143 99 00 00 00 00 00 00 00 00 00 00 00 00 00 00 00 00 0 21 77 143 99 92 00 00 
map update id 6 key 99 0 00 00 value 10 0 0 1 10 0 89 127 00 00 00 00 00 00 00 00 00 00 00 00 00 00 00 00 0 21 77 89 127 173 00 00 
map update id 6 key 100 0 00 00 value 10 0 0 1 10 0 214 65 00 00 00 00 00 00 00 00 00 00 00 00 00 00 00 00 0 21 77 214 65 189 00 00 
map update id 6 key 101 0 00 00 value 10 0 0 1 10 0 178 75 00 00 00 00 00 00 00 00 00 00 00 00 00 00 00 00 0 21 77 178 75 200 00 00 
map update id 6 key 102 0 00 00 value 10 0 0 1 10 0 24 77 00 00 00 00 00 00 00 00 00 00 00 00 00 00 00 00 0 21 77 24 77 216 00 00 
map update id 6 key 103 0 00 00 value 10 0 0 1 10 0 75 126 00 00 00 00 00 00 00 00 00 00 00 00 00 00 00 00 0 21 77 75 126 196 00 00 
map update id 6 key 104 0 00 00 value 10 0 0 1 10 0 63 10 00 00 00 00 00 00 00 00 00 00 00 00 00 00 00 00 0 21 77 63 10 174 00 00 
map update id 6 key 105 0 00 00 value 10 0 0 1 10 0 161 129 00 00 00 00 00 00 00 00 00 00 00 00 00 00 00 00 0 21 77 161 129 159 00 00 
map update id 6 key 106 0 00 00 value 10 0 0 1 10 0 129 60 00 00 00 00 00 00 00 00 00 00 00 00 00 00 00 00 0 21 77 129 60 94 00 00 
map update id 6 key 107 0 00 00 value 10 0 0 1 10 0 143 99 00 00 00 00 00 00 00 00 00 00 00 00 00 00 00 00 0 21 77 143 99 92 00 00 
map update id 6 key 108 0 00 00 value 10 0 0 1 10 0 89 127 00 00 00 00 00 00 00 00 00 00 00 00 00 00 00 00 0 21 77 89 127 173 00 00 
map update id 6 key 109 0 00 00 value 10 0 0 1 10 0 214 65 00 00 00 00 00 00 00 00 00 00 00 00 00 00 00 00 0 21 77 214 65 189 00 00 
map update id 6 key 110 0 00 00 value 10 0 0 1 10 0 178 75 00 00 00 00 00 00 00 00 00 00 00 00 00 00 00 00 0 21 77 178 75 200 00 00 
map update id 6 key 111 0 00 00 value 10 0 0 1 10 0 24 77 00 00 00 00 00 00 00 00 00 00 00 00 00 00 00 00 0 21 77 24 77 216 00 00 
map update id 6 key 112 0 00 00 value 10 0 0 1 10 0 75 126 00 00 00 00 00 00 00 00 00 00 00 00 00 00 00 00 0 21 77 75 126 196 00 00 
map update id 6 key 113 0 00 00 value 10 0 0 1 10 0 63 10 00 00 00 00 00 00 00 00 00 00 00 00 00 00 00 00 0 21 77 63 10 174 00 00 
map update id 6 key 114 0 00 00 value 10 0 0 1 10 0 161 129 00 00 00 00 00 00 00 00 00 00 00 00 00 00 00 00 0 21 77 161 129 159 00 00 
map update id 6 key 115 0 00 00 value 10 0 0 1 10 0 129 60 00 00 00 00 00 00 00 00 00 00 00 00 00 00 00 00 0 21 77 129 60 94 00 00 
map update id 6 key 116 0 00 00 value 10 0 0 1 10 0 143 99 00 00 00 00 00 00 00 00 00 00 00 00 00 00 00 00 0 21 77 143 99 92 00 00 
map update id 6 key 117 0 00 00 value 10 0 0 1 10 0 89 127 00 00 00 00 00 00 00 00 00 00 00 00 00 00 00 00 0 21 77 89 127 173 00 00 
map update id 6 key 118 0 00 00 value 10 0 0 1 10 0 214 65 00 00 00 00 00 00 00 00 00 00 00 00 00 00 00 00 0 21 77 214 65 189 00 00 
map update id 6 key 119 0 00 00 value 10 0 0 1 10 0 178 75 00 00 00 00 00 00 00 00 00 00 00 00 00 00 00 00 0 21 77 178 75 200 00 00 
map update id 6 key 120 0 00 00 value 10 0 0 1 10 0 24 77 00 00 00 00 00 00 00 00 00 00 00 00 00 00 00 00 0 21 77 24 77 216 00 00 
map update id 6 key 121 0 00 00 value 10 0 0 1 10 0 75 126 00 00 00 00 00 00 00 00 00 00 00 00 00 00 00 00 0 21 77 75 126 196 00 00 
map update id 6 key 122 0 00 00 value 10 0 0 1 10 0 63 10 00 00 00 00 00 00 00 00 00 00 00 00 00 00 00 00 0 21 77 63 10 174 00 00 
map update id 6 key 123 0 00 00 value 10 0 0 1 10 0 161 129 00 00 00 00 00 00 00 00 00 00 00 00 00 00 00 00 0 21 77 161 129 159 00 00 
map update id 6 key 124 0 00 00 value 10 0 0 1 10 0 129 60 00 00 00 00 00 00 00 00 00 00 00 00 00 00 00 00 0 21 77 129 60 94 00 00 
map update id 6 key 125 0 00 00 value 10 0 0 1 10 0 143 99 00 00 00 00 00 00 00 00 00 00 00 00 00 00 00 00 0 21 77 143 99 92 00 00 
map update id 6 key 126 0 00 00 value 10 0 0 1 10 0 89 127 00 00 00 00 00 00 00 00 00 00 00 00 00 00 00 00 0 21 77 89 127 173 00 00 
map update id 6 key 127 0 00 00 value 10 0 0 1 10 0 214 65 00 00 00 00 00 00 00 00 00 00 00 00 00 00 00 00 0 21 77 214 65 189 00 00 
map update id 6 key 128 0 00 00 value 10 0 0 1 10 0 178 75 00 00 00 00 00 00 00 00 00 00 00 00 00 00 00 00 0 21 77 178 75 200 00 00 
map update id 6 key 129 0 00 00 value 10 0 0 1 10 0 24 77 00 00 00 00 00 00 00 00 00 00 00 00 00 00 00 00 0 21 77 24 77 216 00 00 
map update id 6 key 130 0 00 00 value 10 0 0 1 10 0 75 126 00 00 00 00 00 00 00 00 00 00 00 00 00 00 00 00 0 21 77 75 126 196 00 00 
map update id 6 key 131 0 00 00 value 10 0 0 1 10 0 63 10 00 00 00 00 00 00 00 00 00 00 00 00 00 00 00 00 0 21 77 63 10 174 00 00 
map update id 6 key 132 0 00 00 value 10 0 0 1 10 0 161 129 00 00 00 00 00 00 00 00 00 00 00 00 00 00 00 00 0 21 77 161 129 159 00 00 
map update id 6 key 133 0 00 00 value 10 0 0 1 10 0 129 60 00 00 00 00 00 00 00 00 00 00 00 00 00 00 00 00 0 21 77 129 60 94 00 00 
map update id 6 key 134 0 00 00 value 10 0 0 1 10 0 143 99 00 00 00 00 00 00 00 00 00 00 00 00 00 00 00 00 0 21 77 143 99 92 00 00 
map update id 6 key 135 0 00 00 value 10 0 0 1 10 0 89 127 00 00 00 00 00 00 00 00 00 00 00 00 00 00 00 00 0 21 77 89 127 173 00 00 
map update id 6 key 136 0 00 00 value 10 0 0 1 10 0 214 65 00 00 00 00 00 00 00 00 00 00 00 00 00 00 00 00 0 21 77 214 65 189 00 00 
map update id 6 key 137 0 00 00 value 10 0 0 1 10 0 178 75 00 00 00 00 00 00 00 00 00 00 00 00 00 00 00 00 0 21 77 178 75 200 00 00 
map update id 6 key 138 0 00 00 value 10 0 0 1 10 0 24 77 00 00 00 00 00 00 00 00 00 00 00 00 00 00 00 00 0 21 77 24 77 216 00 00 
map update id 6 key 139 0 00 00 value 10 0 0 1 10 0 75 126 00 00 00 00 00 00 00 00 00 00 00 00 00 00 00 00 0 21 77 75 126 196 00 00 
map update id 6 key 140 0 00 00 value 10 0 0 1 10 0 63 10 00 00 00 00 00 00 00 00 00 00 00 00 00 00 00 00 0 21 77 63 10 174 00 00 
map update id 6 key 141 0 00 00 value 10 0 0 1 10 0 161 129 00 00 00 00 00 00 00 00 00 00 00 00 00 00 00 00 0 21 77 161 129 159 00 00 
map update id 6 key 142 0 00 00 value 10 0 0 1 10 0 129 60 00 00 00 00 00 00 00 00 00 00 00 00 00 00 00 00 0 21 77 129 60 94 00 00 
map update id 6 key 143 0 00 00 value 10 0 0 1 10 0 143 99 00 00 00 00 00 00 00 00 00 00 00 00 00 00 00 00 0 21 77 143 99 92 00 00 
map update id 6 key 144 0 00 00 value 10 0 0 1 10 0 89 127 00 00 00 00 00 00 00 00 00 00 00 00 00 00 00 00 0 21 77 89 127 173 00 00 
map update id 6 key 145 0 00 00 value 10 0 0 1 10 0 214 65 00 00 00 00 00 00 00 00 00 00 00 00 00 00 00 00 0 21 77 214 65 189 00 00 
map update id 6 key 146 0 00 00 value 10 0 0 1 10 0 178 75 00 00 00 00 00 00 00 00 00 00 00 00 00 00 00 00 0 21 77 178 75 200 00 00 
map update id 6 key 147 0 00 00 value 10 0 0 1 10 0 24 77 00 00 00 00 00 00 00 00 00 00 00 00 00 00 00 00 0 21 77 24 77 216 00 00 
map update id 6 key 148 0 00 00 value 10 0 0 1 10 0 75 126 00 00 00 00 00 00 00 00 00 00 00 00 00 00 00 00 0 21 77 75 126 196 00 00 
map update id 6 key 149 0 00 00 value 10 0 0 1 10 0 63 10 00 00 00 00 00 00 00 00 00 00 00 00 00 00 00 00 0 21 77 63 10 174 00 00 
map update id 6 key 150 0 00 00 value 10 0 0 1 10 0 161 129 00 00 00 00 00 00 00 00 00 00 00 00 00 00 00 00 0 21 77 161 129 159 00 00 
map update id 6 key 151 0 00 00 value 10 0 0 1 10 0 129 60 00 00 00 00 00 00 00 00 00 00 00 00 00 00 00 00 0 21 77 129 60 94 00 00 
map update id 6 key 152 0 00 00 value 10 0 0 1 10 0 143 99 00 00 00 00 00 00 00 00 00 00 00 00 00 00 00 00 0 21 77 143 99 92 00 00 
map update id 6 key 153 0 00 00 value 10 0 0 1 10 0 89 127 00 00 00 00 00 00 00 00 00 00 00 00 00 00 00 00 0 21 77 89 127 173 00 00 
map update id 6 key 154 0 00 00 value 10 0 0 1 10 0 214 65 00 00 00 00 00 00 00 00 00 00 00 00 00 00 00 00 0 21 77 214 65 189 00 00 
map update id 6 key 155 0 00 00 value 10 0 0 1 10 0 178 75 00 00 00 00 00 00 00 00 00 00 00 00 00 00 00 00 0 21 77 178 75 200 00 00 
map update id 6 key 156 0 00 00 value 10 0 0 1 10 0 24 77 00 00 00 00 00 00 00 00 00 00 00 00 00 00 00 00 0 21 77 24 77 216 00 00 
map update id 6 key 157 0 00 00 value 10 0 0 1 10 0 75 126 00 00 00 00 00 00 00 00 00 00 00 00 00 00 00 00 0 21 77 75 126 196 00 00 
map update id 6 key 158 0 00 00 value 10 0 0 1 10 0 63 10 00 00 00 00 00 00 00 00 00 00 00 00 00 00 00 00 0 21 77 63 10 174 00 00 
map update id 6 key 159 0 00 00 value 10 0 0 1 10 0 161 129 00 00 00 00 00 00 00 00 00 00 00 00 00 00 00 00 0 21 77 161 129 159 00 00 
map update id 6 key 160 0 00 00 value 10 0 0 1 10 0 129 60 00 00 00 00 00 00 00 00 00 00 00 00 00 00 00 00 0 21 77 129 60 94 00 00 
map update id 6 key 161 0 00 00 value 10 0 0 1 10 0 143 99 00 00 00 00 00 00 00 00 00 00 00 00 00 00 00 00 0 21 77 143 99 92 00 00 
map update id 6 key 162 0 00 00 value 10 0 0 1 10 0 89 127 00 00 00 00 00 00 00 00 00 00 00 00 00 00 00 00 0 21 77 89 127 173 00 00 
map update id 6 key 163 0 00 00 value 10 0 0 1 10 0 214 65 00 00 00 00 00 00 00 00 00 00 00 00 00 00 00 00 0 21 77 214 65 189 00 00 
map update id 6 key 164 0 00 00 value 10 0 0 1 10 0 178 75 00 00 00 00 00 00 00 00 00 00 00 00 00 00 00 00 0 21 77 178 75 200 00 00 
map update id 6 key 165 0 00 00 value 10 0 0 1 10 0 24 77 00 00 00 00 00 00 00 00 00 00 00 00 00 00 00 00 0 21 77 24 77 216 00 00 
map update id 6 key 166 0 00 00 value 10 0 0 1 10 0 75 126 00 00 00 00 00 00 00 00 00 00 00 00 00 00 00 00 0 21 77 75 126 196 00 00 
map update id 6 key 167 0 00 00 value 10 0 0 1 10 0 63 10 00 00 00 00 00 00 00 00 00 00 00 00 00 00 00 00 0 21 77 63 10 174 00 00 
map update id 6 key 168 0 00 00 value 10 0 0 1 10 0 161 129 00 00 00 00 00 00 00 00 00 00 00 00 00 00 00 00 0 21 77 161 129 159 00 00 
map update id 6 key 169 0 00 00 value 10 0 0 1 10 0 129 60 00 00 00 00 00 00 00 00 00 00 00 00 00 00 00 00 0 21 77 129 60 94 00 00 
map update id 6 key 170 0 00 00 value 10 0 0 1 10 0 143 99 00 00 00 00 00 00 00 00 00 00 00 00 00 00 00 00 0 21 77 143 99 92 00 00 
map update id 6 key 171 0 00 00 value 10 0 0 1 10 0 89 127 00 00 00 00 00 00 00 00 00 00 00 00 00 00 00 00 0 21 77 89 127 173 00 00 
map update id 6 key 172 0 00 00 value 10 0 0 1 10 0 214 65 00 00 00 00 00 00 00 00 00 00 00 00 00 00 00 00 0 21 77 214 65 189 00 00 
map update id 6 key 173 0 00 00 value 10 0 0 1 10 0 178 75 00 00 00 00 00 00 00 00 00 00 00 00 00 00 00 00 0 21 77 178 75 200 00 00 
map update id 6 key 174 0 00 00 value 10 0 0 1 10 0 24 77 00 00 00 00 00 00 00 00 00 00 00 00 00 00 00 00 0 21 77 24 77 216 00 00 
map update id 6 key 175 0 00 00 value 10 0 0 1 10 0 75 126 00 00 00 00 00 00 00 00 00 00 00 00 00 00 00 00 0 21 77 75 126 196 00 00 
map update id 6 key 176 0 00 00 value 10 0 0 1 10 0 63 10 00 00 00 00 00 00 00 00 00 00 00 00 00 00 00 00 0 21 77 63 10 174 00 00 
map update id 6 key 177 0 00 00 value 10 0 0 1 10 0 161 129 00 00 00 00 00 00 00 00 00 00 00 00 00 00 00 00 0 21 77 161 129 159 00 00 
map update id 6 key 178 0 00 00 value 10 0 0 1 10 0 129 60 00 00 00 00 00 00 00 00 00 00 00 00 00 00 00 00 0 21 77 129 60 94 00 00 
map update id 6 key 179 0 00 00 value 10 0 0 1 10 0 143 99 00 00 00 00 00 00 00 00 00 00 00 00 00 00 00 00 0 21 77 143 99 92 00 00 
map update id 6 key 180 0 00 00 value 10 0 0 1 10 0 89 127 00 00 00 00 00 00 00 00 00 00 00 00 00 00 00 00 0 21 77 89 127 173 00 00 
map update id 6 key 181 0 00 00 value 10 0 0 1 10 0 214 65 00 00 00 00 00 00 00 00 00 00 00 00 00 00 00 00 0 21 77 214 65 189 00 00 
map update id 6 key 182 0 00 00 value 10 0 0 1 10 0 178 75 00 00 00 00 00 00 00 00 00 00 00 00 00 00 00 00 0 21 77 178 75 200 00 00 
map update id 6 key 183 0 00 00 value 10 0 0 1 10 0 24 77 00 00 00 00 00 00 00 00 00 00 00 00 00 00 00 00 0 21 77 24 77 216 00 00 
map update id 6 key 184 0 00 00 value 10 0 0 1 10 0 75 126 00 00 00 00 00 00 00 00 00 00 00 00 00 00 00 00 0 21 77 75 126 196 00 00 
map update id 6 key 185 0 00 00 value 10 0 0 1 10 0 63 10 00 00 00 00 00 00 00 00 00 00 00 00 00 00 00 00 0 21 77 63 10 174 00 00 
map update id 6 key 186 0 00 00 value 10 0 0 1 10 0 161 129 00 00 00 00 00 00 00 00 00 00 00 00 00 00 00 00 0 21 77 161 129 159 00 00 
map update id 6 key 187 0 00 00 value 10 0 0 1 10 0 129 60 00 00 00 00 00 00 00 00 00 00 00 00 00 00 00 00 0 21 77 129 60 94 00 00 
map update id 6 key 188 0 00 00 value 10 0 0 1 10 0 143 99 00 00 00 00 00 00 00 00 00 00 00 00 00 00 00 00 0 21 77 143 99 92 00 00 
map update id 6 key 189 0 00 00 value 10 0 0 1 10 0 89 127 00 00 00 00 00 00 00 00 00 00 00 00 00 00 00 00 0 21 77 89 127 173 00 00 
map update id 6 key 190 0 00 00 value 10 0 0 1 10 0 214 65 00 00 00 00 00 00 00 00 00 00 00 00 00 00 00 00 0 21 77 214 65 189 00 00 
map update id 6 key 191 0 00 00 value 10 0 0 1 10 0 178 75 00 00 00 00 00 00 00 00 00 00 00 00 00 00 00 00 0 21 77 178 75 200 00 00 
map update id 6 key 192 0 00 00 value 10 0 0 1 10 0 24 77 00 00 00 00 00 00 00 00 00 00 00 00 00 00 00 00 0 21 77 24 77 216 00 00 
map update id 6 key 193 0 00 00 value 10 0 0 1 10 0 75 126 00 00 00 00 00 00 00 00 00 00 00 00 00 00 00 00 0 21 77 75 126 196 00 00 
map update id 6 key 194 0 00 00 value 10 0 0 1 10 0 63 10 00 00 00 00 00 00 00 00 00 00 00 00 00 00 00 00 0 21 77 63 10 174 00 00 
map update id 6 key 195 0 00 00 value 10 0 0 1 10 0 161 129 00 00 00 00 00 00 00 00 00 00 00 00 00 00 00 00 0 21 77 161 129 159 00 00 
map update id 6 key 196 0 00 00 value 10 0 0 1 10 0 129 60 00 00 00 00 00 00 00 00 00 00 00 00 00 00 00 00 0 21 77 129 60 94 00 00 
map update id 6 key 197 0 00 00 value 10 0 0 1 10 0 143 99 00 00 00 00 00 00 00 00 00 00 00 00 00 00 00 00 0 21 77 143 99 92 00 00 
map update id 6 key 198 0 00 00 value 10 0 0 1 10 0 89 127 00 00 00 00 00 00 00 00 00 00 00 00 00 00 00 00 0 21 77 89 127 173 00 00 
map update id 6 key 199 0 00 00 value 10 0 0 1 10 0 214 65 00 00 00 00 00 00 00 00 00 00 00 00 00 00 00 00 0 21 77 214 65 189 00 00 
map update id 6 key 200 0 00 00 value 10 0 0 1 10 0 178 75 00 00 00 00 00 00 00 00 00 00 00 00 00 00 00 00 0 21 77 178 75 200 00 00 
map update id 6 key 201 0 00 00 value 10 0 0 1 10 0 24 77 00 00 00 00 00 00 00 00 00 00 00 00 00 00 00 00 0 21 77 24 77 216 00 00 
map update id 6 key 202 0 00 00 value 10 0 0 1 10 0 75 126 00 00 00 00 00 00 00 00 00 00 00 00 00 00 00 00 0 21 77 75 126 196 00 00 
map update id 6 key 203 0 00 00 value 10 0 0 1 10 0 63 10 00 00 00 00 00 00 00 00 00 00 00 00 00 00 00 00 0 21 77 63 10 174 00 00 
map update id 6 key 204 0 00 00 value 10 0 0 1 10 0 161 129 00 00 00 00 00 00 00 00 00 00 00 00 00 00 00 00 0 21 77 161 129 159 00 00 
map update id 6 key 205 0 00 00 value 10 0 0 1 10 0 129 60 00 00 00 00 00 00 00 00 00 00 00 00 00 00 00 00 0 21 77 129 60 94 00 00 
map update id 6 key 206 0 00 00 value 10 0 0 1 10 0 143 99 00 00 00 00 00 00 00 00 00 00 00 00 00 00 00 00 0 21 77 143 99 92 00 00 
map update id 6 key 207 0 00 00 value 10 0 0 1 10 0 89 127 00 00 00 00 00 00 00 00 00 00 00 00 00 00 00 00 0 21 77 89 127 173 00 00 
map update id 6 key 208 0 00 00 value 10 0 0 1 10 0 214 65 00 00 00 00 00 00 00 00 00 00 00 00 00 00 00 00 0 21 77 214 65 189 00 00 
map update id 6 key 209 0 00 00 value 10 0 0 1 10 0 178 75 00 00 00 00 00 00 00 00 00 00 00 00 00 00 00 00 0 21 77 178 75 200 00 00 
map update id 6 key 210 0 00 00 value 10 0 0 1 10 0 24 77 00 00 00 00 00 00 00 00 00 00 00 00 00 00 00 00 0 21 77 24 77 216 00 00 
map update id 6 key 211 0 00 00 value 10 0 0 1 10 0 75 126 00 00 00 00 00 00 00 00 00 00 00 00 00 00 00 00 0 21 77 75 126 196 00 00 
map update id 6 key 212 0 00 00 value 10 0 0 1 10 0 63 10 00 00 00 00 00 00 00 00 00 00 00 00 00 00 00 00 0 21 77 63 10 174 00 00 
map update id 6 key 213 0 00 00 value 10 0 0 1 10 0 161 129 00 00 00 00 00 00 00 00 00 00 00 00 00 00 00 00 0 21 77 161 129 159 00 00 
map update id 6 key 214 0 00 00 value 10 0 0 1 10 0 129 60 00 00 00 00 00 00 00 00 00 00 00 00 00 00 00 00 0 21 77 129 60 94 00 00 
map update id 6 key 215 0 00 00 value 10 0 0 1 10 0 143 99 00 00 00 00 00 00 00 00 00 00 00 00 00 00 00 00 0 21 77 143 99 92 00 00 
map update id 6 key 216 0 00 00 value 10 0 0 1 10 0 89 127 00 00 00 00 00 00 00 00 00 00 00 00 00 00 00 00 0 21 77 89 127 173 00 00 
map update id 6 key 217 0 00 00 value 10 0 0 1 10 0 214 65 00 00 00 00 00 00 00 00 00 00 00 00 00 00 00 00 0 21 77 214 65 189 00 00 
map update id 6 key 218 0 00 00 value 10 0 0 1 10 0 178 75 00 00 00 00 00 00 00 00 00 00 00 00 00 00 00 00 0 21 77 178 75 200 00 00 
map update id 6 key 219 0 00 00 value 10 0 0 1 10 0 24 77 00 00 00 00 00 00 00 00 00 00 00 00 00 00 00 00 0 21 77 24 77 216 00 00 
map update id 6 key 220 0 00 00 value 10 0 0 1 10 0 75 126 00 00 00 00 00 00 00 00 00 00 00 00 00 00 00 00 0 21 77 75 126 196 00 00 
map update id 6 key 221 0 00 00 value 10 0 0 1 10 0 63 10 00 00 00 00 00 00 00 00 00 00 00 00 00 00 00 00 0 21 77 63 10 174 00 00 
map update id 6 key 222 0 00 00 value 10 0 0 1 10 0 161 129 00 00 00 00 00 00 00 00 00 00 00 00 00 00 00 00 0 21 77 161 129 159 00 00 
map update id 6 key 223 0 00 00 value 10 0 0 1 10 0 129 60 00 00 00 00 00 00 00 00 00 00 00 00 00 00 00 00 0 21 77 129 60 94 00 00 
map update id 6 key 224 0 00 00 value 10 0 0 1 10 0 143 99 00 00 00 00 00 00 00 00 00 00 00 00 00 00 00 00 0 21 77 143 99 92 00 00 
map update id 6 key 225 0 00 00 value 10 0 0 1 10 0 89 127 00 00 00 00 00 00 00 00 00 00 00 00 00 00 00 00 0 21 77 89 127 173 00 00 
map update id 6 key 226 0 00 00 value 10 0 0 1 10 0 214 65 00 00 00 00 00 00 00 00 00 00 00 00 00 00 00 00 0 21 77 214 65 189 00 00 
map update id 6 key 227 0 00 00 value 10 0 0 1 10 0 178 75 00 00 00 00 00 00 00 00 00 00 00 00 00 00 00 00 0 21 77 178 75 200 00 00 
map update id 6 key 228 0 00 00 value 10 0 0 1 10 0 24 77 00 00 00 00 00 00 00 00 00 00 00 00 00 00 00 00 0 21 77 24 77 216 00 00 
map update id 6 key 229 0 00 00 value 10 0 0 1 10 0 75 126 00 00 00 00 00 00 00 00 00 00 00 00 00 00 00 00 0 21 77 75 126 196 00 00 
map update id 6 key 230 0 00 00 value 10 0 0 1 10 0 63 10 00 00 00 00 00 00 00 00 00 00 00 00 00 00 00 00 0 21 77 63 10 174 00 00 
map update id 6 key 231 0 00 00 value 10 0 0 1 10 0 161 129 00 00 00 00 00 00 00 00 00 00 00 00 00 00 00 00 0 21 77 161 129 159 00 00 
map update id 6 key 232 0 00 00 value 10 0 0 1 10 0 129 60 00 00 00 00 00 00 00 00 00 00 00 00 00 00 00 00 0 21 77 129 60 94 00 00 
map update id 6 key 233 0 00 00 value 10 0 0 1 10 0 143 99 00 00 00 00 00 00 00 00 00 00 00 00 00 00 00 00 0 21 77 143 99 92 00 00 
map update id 6 key 234 0 00 00 value 10 0 0 1 10 0 89 127 00 00 00 00 00 00 00 00 00 00 00 00 00 00 00 00 0 21 77 89 127 173 00 00 
map update id 6 key 235 0 00 00 value 10 0 0 1 10 0 214 65 00 00 00 00 00 00 00 00 00 00 00 00 00 00 00 00 0 21 77 214 65 189 00 00 
map update id 6 key 236 0 00 00 value 10 0 0 1 10 0 178 75 00 00 00 00 00 00 00 00 00 00 00 00 00 00 00 00 0 21 77 178 75 200 00 00 
map update id 6 key 237 0 00 00 value 10 0 0 1 10 0 24 77 00 00 00 00 00 00 00 00 00 00 00 00 00 00 00 00 0 21 77 24 77 216 00 00 
map update id 6 key 238 0 00 00 value 10 0 0 1 10 0 75 126 00 00 00 00 00 00 00 00 00 00 00 00 00 00 00 00 0 21 77 75 126 196 00 00 
map update id 6 key 239 0 00 00 value 10 0 0 1 10 0 63 10 00 00 00 00 00 00 00 00 00 00 00 00 00 00 00 00 0 21 77 63 10 174 00 00 
map update id 6 key 240 0 00 00 value 10 0 0 1 10 0 161 129 00 00 00 00 00 00 00 00 00 00 00 00 00 00 00 00 0 21 77 161 129 159 00 00 
map update id 6 key 241 0 00 00 value 10 0 0 1 10 0 129 60 00 00 00 00 00 00 00 00 00 00 00 00 00 00 00 00 0 21 77 129 60 94 00 00 
map update id 6 key 242 0 00 00 value 10 0 0 1 10 0 143 99 00 00 00 00 00 00 00 00 00 00 00 00 00 00 00 00 0 21 77 143 99 92 00 00 
map update id 6 key 243 0 00 00 value 10 0 0 1 10 0 89 127 00 00 00 00 00 00 00 00 00 00 00 00 00 00 00 00 0 21 77 89 127 173 00 00 
map update id 6 key 244 0 00 00 value 10 0 0 1 10 0 214 65 00 00 00 00 00 00 00 00 00 00 00 00 00 00 00 00 0 21 77 214 65 189 00 00 
map update id 6 key 245 0 00 00 value 10 0 0 1 10 0 178 75 00 00 00 00 00 00 00 00 00 00 00 00 00 00 00 00 0 21 77 178 75 200 00 00 
map update id 6 key 246 0 00 00 value 10 0 0 1 10 0 24 77 00 00 00 00 00 00 00 00 00 00 00 00 00 00 00 00 0 21 77 24 77 216 00 00 
map update id 6 key 247 0 00 00 value 10 0 0 1 10 0 75 126 00 00 00 00 00 00 00 00 00 00 00 00 00 00 00 00 0 21 77 75 126 196 00 00 
map update id 6 key 248 0 00 00 value 10 0 0 1 10 0 63 10 00 00 00 00 00 00 00 00 00 00 00 00 00 00 00 00 0 21 77 63 10 174 00 00 
map update id 6 key 249 0 00 00 value 10 0 0 1 10 0 161 129 00 00 00 00 00 00 00 00 00 00 00 00 00 00 00 00 0 21 77 161 129 159 00 00 
map update id 6 key 250 0 00 00 value 10 0 0 1 10 0 129 60 00 00 00 00 00 00 00 00 00 00 00 00 00 00 00 00 0 21 77 129 60 94 00 00 
map update id 6 key 251 0 00 00 value 10 0 0 1 10 0 143 99 00 00 00 00 00 00 00 00 00 00 00 00 00 00 00 00 0 21 77 143 99 92 00 00 
map update id 6 key 252 0 00 00 value 10 0 0 1 10 0 89 127 00 00 00 00 00 00 00 00 00 00 00 00 00 00 00 00 0 21 77 89 127 173 00 00 
map update id 6 key 253 0 00 00 value 10 0 0 1 10 0 214 65 00 00 00 00 00 00 00 00 00 00 00 00 00 00 00 00 0 21 77 214 65 189 00 00 
map update id 6 key 254 0 00 00 value 10 0 0 1 10 0 178 75 00 00 00 00 00 00 00 00 00 00 00 00 00 00 00 00 0 21 77 178 75 200 00 00 
map update id 6 key 255 0 00 00 value 10 0 0 1 10 0 24 77 00 00 00 00 00 00 00 00 00 00 00 00 00 00 00 00 0 21 77 24 77 216 00 00 
map update id 6 key 0 1 00 00 value 10 0 0 1 10 0 75 126 00 00 00 00 00 00 00 00 00 00 00 00 00 00 00 00 0 21 77 75 126 196 00 00 
map update id 6 key 1 1 00 00 value 10 0 0 1 10 0 63 10 00 00 00 00 00 00 00 00 00 00 00 00 00 00 00 00 0 21 77 63 10 174 00 00 
map update id 6 key 2 1 00 00 value 10 0 0 1 10 0 161 129 00 00 00 00 00 00 00 00 00 00 00 00 00 00 00 00 0 21 77 161 129 159 00 00 
map update id 6 key 3 1 00 00 value 10 0 0 1 10 0 129 60 00 00 00 00 00 00 00 00 00 00 00 00 00 00 00 00 0 21 77 129 60 94 00 00 
map update id 6 key 4 1 00 00 value 10 0 0 1 10 0 143 99 00 00 00 00 00 00 00 00 00 00 00 00 00 00 00 00 0 21 77 143 99 92 00 00 
map update id 6 key 5 1 00 00 value 10 0 0 1 10 0 89 127 00 00 00 00 00 00 00 00 00 00 00 00 00 00 00 00 0 21 77 89 127 173 00 00 
map update id 6 key 6 1 00 00 value 10 0 0 1 10 0 214 65 00 00 00 00 00 00 00 00 00 00 00 00 00 00 00 00 0 21 77 214 65 189 00 00 
map update id 6 key 7 1 00 00 value 10 0 0 1 10 0 178 75 00 00 00 00 00 00 00 00 00 00 00 00 00 00 00 00 0 21 77 178 75 200 00 00 
map update id 6 key 8 1 00 00 value 10 0 0 1 10 0 24 77 00 00 00 00 00 00 00 00 00 00 00 00 00 00 00 00 0 21 77 24 77 216 00 00 
map update id 6 key 9 1 00 00 value 10 0 0 1 10 0 75 126 00 00 00 00 00 00 00 00 00 00 00 00 00 00 00 00 0 21 77 75 126 196 00 00 
map update id 6 key 10 1 00 00 value 10 0 0 1 10 0 63 10 00 00 00 00 00 00 00 00 00 00 00 00 00 00 00 00 0 21 77 63 10 174 00 00 
map update id 6 key 11 1 00 00 value 10 0 0 1 10 0 161 129 00 00 00 00 00 00 00 00 00 00 00 00 00 00 00 00 0 21 77 161 129 159 00 00 
map update id 6 key 12 1 00 00 value 10 0 0 1 10 0 129 60 00 00 00 00 00 00 00 00 00 00 00 00 00 00 00 00 0 21 77 129 60 94 00 00 
map update id 6 key 13 1 00 00 value 10 0 0 1 10 0 143 99 00 00 00 00 00 00 00 00 00 00 00 00 00 00 00 00 0 21 77 143 99 92 00 00 
map update id 6 key 14 1 00 00 value 10 0 0 1 10 0 89 127 00 00 00 00 00 00 00 00 00 00 00 00 00 00 00 00 0 21 77 89 127 173 00 00 
map update id 6 key 15 1 00 00 value 10 0 0 1 10 0 214 65 00 00 00 00 00 00 00 00 00 00 00 00 00 00 00 00 0 21 77 214 65 189 00 00 
map update id 6 key 16 1 00 00 value 10 0 0 1 10 0 178 75 00 00 00 00 00 00 00 00 00 00 00 00 00 00 00 00 0 21 77 178 75 200 00 00 
map update id 6 key 17 1 00 00 value 10 0 0 1 10 0 24 77 00 00 00 00 00 00 00 00 00 00 00 00 00 00 00 00 0 21 77 24 77 216 00 00 
map update id 6 key 18 1 00 00 value 10 0 0 1 10 0 75 126 00 00 00 00 00 00 00 00 00 00 00 00 00 00 00 00 0 21 77 75 126 196 00 00 
map update id 6 key 19 1 00 00 value 10 0 0 1 10 0 63 10 00 00 00 00 00 00 00 00 00 00 00 00 00 00 00 00 0 21 77 63 10 174 00 00 
map update id 6 key 20 1 00 00 value 10 0 0 1 10 0 161 129 00 00 00 00 00 00 00 00 00 00 00 00 00 00 00 00 0 21 77 161 129 159 00 00 
map update id 6 key 21 1 00 00 value 10 0 0 1 10 0 129 60 00 00 00 00 00 00 00 00 00 00 00 00 00 00 00 00 0 21 77 129 60 94 00 00 
map update id 6 key 22 1 00 00 value 10 0 0 1 10 0 143 99 00 00 00 00 00 00 00 00 00 00 00 00 00 00 00 00 0 21 77 143 99 92 00 00 
map update id 6 key 23 1 00 00 value 10 0 0 1 10 0 89 127 00 00 00 00 00 00 00 00 00 00 00 00 00 00 00 00 0 21 77 89 127 173 00 00 
map update id 6 key 24 1 00 00 value 10 0 0 1 10 0 214 65 00 00 00 00 00 00 00 00 00 00 00 00 00 00 00 00 0 21 77 214 65 189 00 00 
map update id 6 key 25 1 00 00 value 10 0 0 1 10 0 178 75 00 00 00 00 00 00 00 00 00 00 00 00 00 00 00 00 0 21 77 178 75 200 00 00 
map update id 6 key 26 1 00 00 value 10 0 0 1 10 0 24 77 00 00 00 00 00 00 00 00 00 00 00 00 00 00 00 00 0 21 77 24 77 216 00 00 
map update id 6 key 27 1 00 00 value 10 0 0 1 10 0 75 126 00 00 00 00 00 00 00 00 00 00 00 00 00 00 00 00 0 21 77 75 126 196 00 00 
map update id 6 key 28 1 00 00 value 10 0 0 1 10 0 63 10 00 00 00 00 00 00 00 00 00 00 00 00 00 00 00 00 0 21 77 63 10 174 00 00 
map update id 6 key 29 1 00 00 value 10 0 0 1 10 0 161 129 00 00 00 00 00 00 00 00 00 00 00 00 00 00 00 00 0 21 77 161 129 159 00 00 
map update id 6 key 30 1 00 00 value 10 0 0 1 10 0 129 60 00 00 00 00 00 00 00 00 00 00 00 00 00 00 00 00 0 21 77 129 60 94 00 00 
map update id 6 key 31 1 00 00 value 10 0 0 1 10 0 143 99 00 00 00 00 00 00 00 00 00 00 00 00 00 00 00 00 0 21 77 143 99 92 00 00 
map update id 6 key 32 1 00 00 value 10 0 0 1 10 0 89 127 00 00 00 00 00 00 00 00 00 00 00 00 00 00 00 00 0 21 77 89 127 173 00 00 
map update id 6 key 33 1 00 00 value 10 0 0 1 10 0 214 65 00 00 00 00 00 00 00 00 00 00 00 00 00 00 00 00 0 21 77 214 65 189 00 00 
map update id 6 key 34 1 00 00 value 10 0 0 1 10 0 178 75 00 00 00 00 00 00 00 00 00 00 00 00 00 00 00 00 0 21 77 178 75 200 00 00 
map update id 6 key 35 1 00 00 value 10 0 0 1 10 0 24 77 00 00 00 00 00 00 00 00 00 00 00 00 00 00 00 00 0 21 77 24 77 216 00 00 
map update id 6 key 36 1 00 00 value 10 0 0 1 10 0 75 126 00 00 00 00 00 00 00 00 00 00 00 00 00 00 00 00 0 21 77 75 126 196 00 00 
map update id 6 key 37 1 00 00 value 10 0 0 1 10 0 63 10 00 00 00 00 00 00 00 00 00 00 00 00 00 00 00 00 0 21 77 63 10 174 00 00 
map update id 6 key 38 1 00 00 value 10 0 0 1 10 0 161 129 00 00 00 00 00 00 00 00 00 00 00 00 00 00 00 00 0 21 77 161 129 159 00 00 
map update id 6 key 39 1 00 00 value 10 0 0 1 10 0 129 60 00 00 00 00 00 00 00 00 00 00 00 00 00 00 00 00 0 21 77 129 60 94 00 00 
map update id 6 key 40 1 00 00 value 10 0 0 1 10 0 143 99 00 00 00 00 00 00 00 00 00 00 00 00 00 00 00 00 0 21 77 143 99 92 00 00 
map update id 6 key 41 1 00 00 value 10 0 0 1 10 0 89 127 00 00 00 00 00 00 00 00 00 00 00 00 00 00 00 00 0 21 77 89 127 173 00 00 
map update id 6 key 42 1 00 00 value 10 0 0 1 10 0 214 65 00 00 00 00 00 00 00 00 00 00 00 00 00 00 00 00 0 21 77 214 65 189 00 00 
map update id 6 key 43 1 00 00 value 10 0 0 1 10 0 178 75 00 00 00 00 00 00 00 00 00 00 00 00 00 00 00 00 0 21 77 178 75 200 00 00 
map update id 6 key 44 1 00 00 value 10 0 0 1 10 0 24 77 00 00 00 00 00 00 00 00 00 00 00 00 00 00 00 00 0 21 77 24 77 216 00 00 
map update id 6 key 45 1 00 00 value 10 0 0 1 10 0 75 126 00 00 00 00 00 00 00 00 00 00 00 00 00 00 00 00 0 21 77 75 126 196 00 00 
map update id 6 key 46 1 00 00 value 10 0 0 1 10 0 63 10 00 00 00 00 00 00 00 00 00 00 00 00 00 00 00 00 0 21 77 63 10 174 00 00 
map update id 6 key 47 1 00 00 value 10 0 0 1 10 0 161 129 00 00 00 00 00 00 00 00 00 00 00 00 00 00 00 00 0 21 77 161 129 159 00 00 
map update id 6 key 48 1 00 00 value 10 0 0 1 10 0 129 60 00 00 00 00 00 00 00 00 00 00 00 00 00 00 00 00 0 21 77 129 60 94 00 00 
map update id 6 key 49 1 00 00 value 10 0 0 1 10 0 143 99 00 00 00 00 00 00 00 00 00 00 00 00 00 00 00 00 0 21 77 143 99 92 00 00 
map update id 6 key 50 1 00 00 value 10 0 0 1 10 0 89 127 00 00 00 00 00 00 00 00 00 00 00 00 00 00 00 00 0 21 77 89 127 173 00 00 
map update id 6 key 51 1 00 00 value 10 0 0 1 10 0 214 65 00 00 00 00 00 00 00 00 00 00 00 00 00 00 00 00 0 21 77 214 65 189 00 00 
map update id 6 key 52 1 00 00 value 10 0 0 1 10 0 178 75 00 00 00 00 00 00 00 00 00 00 00 00 00 00 00 00 0 21 77 178 75 200 00 00 
map update id 6 key 53 1 00 00 value 10 0 0 1 10 0 24 77 00 00 00 00 00 00 00 00 00 00 00 00 00 00 00 00 0 21 77 24 77 216 00 00 
map update id 6 key 54 1 00 00 value 10 0 0 1 10 0 75 126 00 00 00 00 00 00 00 00 00 00 00 00 00 00 00 00 0 21 77 75 126 196 00 00 
map update id 6 key 55 1 00 00 value 10 0 0 1 10 0 63 10 00 00 00 00 00 00 00 00 00 00 00 00 00 00 00 00 0 21 77 63 10 174 00 00 
map update id 6 key 56 1 00 00 value 10 0 0 1 10 0 161 129 00 00 00 00 00 00 00 00 00 00 00 00 00 00 00 00 0 21 77 161 129 159 00 00 
map update id 6 key 57 1 00 00 value 10 0 0 1 10 0 129 60 00 00 00 00 00 00 00 00 00 00 00 00 00 00 00 00 0 21 77 129 60 94 00 00 
map update id 6 key 58 1 00 00 value 10 0 0 1 10 0 143 99 00 00 00 00 00 00 00 00 00 00 00 00 00 00 00 00 0 21 77 143 99 92 00 00 
map update id 6 key 59 1 00 00 value 10 0 0 1 10 0 89 127 00 00 00 00 00 00 00 00 00 00 00 00 00 00 00 00 0 21 77 89 127 173 00 00 
map update id 6 key 60 1 00 00 value 10 0 0 1 10 0 214 65 00 00 00 00 00 00 00 00 00 00 00 00 00 00 00 00 0 21 77 214 65 189 00 00 
map update id 6 key 61 1 00 00 value 10 0 0 1 10 0 178 75 00 00 00 00 00 00 00 00 00 00 00 00 00 00 00 00 0 21 77 178 75 200 00 00 
map update id 6 key 62 1 00 00 value 10 0 0 1 10 0 24 77 00 00 00 00 00 00 00 00 00 00 00 00 00 00 00 00 0 21 77 24 77 216 00 00 
map update id 6 key 63 1 00 00 value 10 0 0 1 10 0 75 126 00 00 00 00 00 00 00 00 00 00 00 00 00 00 00 00 0 21 77 75 126 196 00 00 
map update id 6 key 64 1 00 00 value 10 0 0 1 10 0 63 10 00 00 00 00 00 00 00 00 00 00 00 00 00 00 00 00 0 21 77 63 10 174 00 00 
map update id 6 key 65 1 00 00 value 10 0 0 1 10 0 161 129 00 00 00 00 00 00 00 00 00 00 00 00 00 00 00 00 0 21 77 161 129 159 00 00 
map update id 6 key 66 1 00 00 value 10 0 0 1 10 0 129 60 00 00 00 00 00 00 00 00 00 00 00 00 00 00 00 00 0 21 77 129 60 94 00 00 
map update id 6 key 67 1 00 00 value 10 0 0 1 10 0 143 99 00 00 00 00 00 00 00 00 00 00 00 00 00 00 00 00 0 21 77 143 99 92 00 00 
map update id 6 key 68 1 00 00 value 10 0 0 1 10 0 89 127 00 00 00 00 00 00 00 00 00 00 00 00 00 00 00 00 0 21 77 89 127 173 00 00 
map update id 6 key 69 1 00 00 value 10 0 0 1 10 0 214 65 00 00 00 00 00 00 00 00 00 00 00 00 00 00 00 00 0 21 77 214 65 189 00 00 
map update id 6 key 70 1 00 00 value 10 0 0 1 10 0 178 75 00 00 00 00 00 00 00 00 00 00 00 00 00 00 00 00 0 21 77 178 75 200 00 00 
map update id 6 key 71 1 00 00 value 10 0 0 1 10 0 24 77 00 00 00 00 00 00 00 00 00 00 00 00 00 00 00 00 0 21 77 24 77 216 00 00 
map update id 6 key 72 1 00 00 value 10 0 0 1 10 0 75 126 00 00 00 00 00 00 00 00 00 00 00 00 00 00 00 00 0 21 77 75 126 196 00 00 
map update id 6 key 73 1 00 00 value 10 0 0 1 10 0 63 10 00 00 00 00 00 00 00 00 00 00 00 00 00 00 00 00 0 21 77 63 10 174 00 00 
map update id 6 key 74 1 00 00 value 10 0 0 1 10 0 161 129 00 00 00 00 00 00 00 00 00 00 00 00 00 00 00 00 0 21 77 161 129 159 00 00 
map update id 6 key 75 1 00 00 value 10 0 0 1 10 0 129 60 00 00 00 00 00 00 00 00 00 00 00 00 00 00 00 00 0 21 77 129 60 94 00 00 
map update id 6 key 76 1 00 00 value 10 0 0 1 10 0 143 99 00 00 00 00 00 00 00 00 00 00 00 00 00 00 00 00 0 21 77 143 99 92 00 00 
map update id 6 key 77 1 00 00 value 10 0 0 1 10 0 89 127 00 00 00 00 00 00 00 00 00 00 00 00 00 00 00 00 0 21 77 89 127 173 00 00 
map update id 6 key 78 1 00 00 value 10 0 0 1 10 0 214 65 00 00 00 00 00 00 00 00 00 00 00 00 00 00 00 00 0 21 77 214 65 189 00 00 
map update id 6 key 79 1 00 00 value 10 0 0 1 10 0 178 75 00 00 00 00 00 00 00 00 00 00 00 00 00 00 00 00 0 21 77 178 75 200 00 00 
map update id 6 key 80 1 00 00 value 10 0 0 1 10 0 24 77 00 00 00 00 00 00 00 00 00 00 00 00 00 00 00 00 0 21 77 24 77 216 00 00 
map update id 6 key 81 1 00 00 value 10 0 0 1 10 0 75 126 00 00 00 00 00 00 00 00 00 00 00 00 00 00 00 00 0 21 77 75 126 196 00 00 
map update id 6 key 82 1 00 00 value 10 0 0 1 10 0 63 10 00 00 00 00 00 00 00 00 00 00 00 00 00 00 00 00 0 21 77 63 10 174 00 00 
map update id 6 key 83 1 00 00 value 10 0 0 1 10 0 161 129 00 00 00 00 00 00 00 00 00 00 00 00 00 00 00 00 0 21 77 161 129 159 00 00 
map update id 6 key 84 1 00 00 value 10 0 0 1 10 0 129 60 00 00 00 00 00 00 00 00 00 00 00 00 00 00 00 00 0 21 77 129 60 94 00 00 
map update id 6 key 85 1 00 00 value 10 0 0 1 10 0 143 99 00 00 00 00 00 00 00 00 00 00 00 00 00 00 00 00 0 21 77 143 99 92 00 00 
map update id 6 key 86 1 00 00 value 10 0 0 1 10 0 89 127 00 00 00 00 00 00 00 00 00 00 00 00 00 00 00 00 0 21 77 89 127 173 00 00 
map update id 6 key 87 1 00 00 value 10 0 0 1 10 0 214 65 00 00 00 00 00 00 00 00 00 00 00 00 00 00 00 00 0 21 77 214 65 189 00 00 
map update id 6 key 88 1 00 00 value 10 0 0 1 10 0 178 75 00 00 00 00 00 00 00 00 00 00 00 00 00 00 00 00 0 21 77 178 75 200 00 00 
map update id 6 key 89 1 00 00 value 10 0 0 1 10 0 24 77 00 00 00 00 00 00 00 00 00 00 00 00 00 00 00 00 0 21 77 24 77 216 00 00 
map update id 6 key 90 1 00 00 value 10 0 0 1 10 0 75 126 00 00 00 00 00 00 00 00 00 00 00 00 00 00 00 00 0 21 77 75 126 196 00 00 
map update id 6 key 91 1 00 00 value 10 0 0 1 10 0 63 10 00 00 00 00 00 00 00 00 00 00 00 00 00 00 00 00 0 21 77 63 10 174 00 00 
map update id 6 key 92 1 00 00 value 10 0 0 1 10 0 161 129 00 00 00 00 00 00 00 00 00 00 00 00 00 00 00 00 0 21 77 161 129 159 00 00 
map update id 6 key 93 1 00 00 value 10 0 0 1 10 0 129 60 00 00 00 00 00 00 00 00 00 00 00 00 00 00 00 00 0 21 77 129 60 94 00 00 
map update id 6 key 94 1 00 00 value 10 0 0 1 10 0 143 99 00 00 00 00 00 00 00 00 00 00 00 00 00 00 00 00 0 21 77 143 99 92 00 00 
map update id 6 key 95 1 00 00 value 10 0 0 1 10 0 89 127 00 00 00 00 00 00 00 00 00 00 00 00 00 00 00 00 0 21 77 89 127 173 00 00 
map update id 6 key 96 1 00 00 value 10 0 0 1 10 0 214 65 00 00 00 00 00 00 00 00 00 00 00 00 00 00 00 00 0 21 77 214 65 189 00 00 
map update id 6 key 97 1 00 00 value 10 0 0 1 10 0 178 75 00 00 00 00 00 00 00 00 00 00 00 00 00 00 00 00 0 21 77 178 75 200 00 00 
map update id 6 key 98 1 00 00 value 10 0 0 1 10 0 24 77 00 00 00 00 00 00 00 00 00 00 00 00 00 00 00 00 0 21 77 24 77 216 00 00 
map update id 6 key 99 1 00 00 value 10 0 0 1 10 0 75 126 00 00 00 00 00 00 00 00 00 00 00 00 00 00 00 00 0 21 77 75 126 196 00 00 
map update id 6 key 100 1 00 00 value 10 0 0 1 10 0 63 10 00 00 00 00 00 00 00 00 00 00 00 00 00 00 00 00 0 21 77 63 10 174 00 00 
map update id 6 key 101 1 00 00 value 10 0 0 1 10 0 161 129 00 00 00 00 00 00 00 00 00 00 00 00 00 00 00 00 0 21 77 161 129 159 00 00 
map update id 6 key 102 1 00 00 value 10 0 0 1 10 0 129 60 00 00 00 00 00 00 00 00 00 00 00 00 00 00 00 00 0 21 77 129 60 94 00 00 
map update id 6 key 103 1 00 00 value 10 0 0 1 10 0 143 99 00 00 00 00 00 00 00 00 00 00 00 00 00 00 00 00 0 21 77 143 99 92 00 00 
map update id 6 key 104 1 00 00 value 10 0 0 1 10 0 89 127 00 00 00 00 00 00 00 00 00 00 00 00 00 00 00 00 0 21 77 89 127 173 00 00 
map update id 6 key 105 1 00 00 value 10 0 0 1 10 0 214 65 00 00 00 00 00 00 00 00 00 00 00 00 00 00 00 00 0 21 77 214 65 189 00 00 
map update id 6 key 106 1 00 00 value 10 0 0 1 10 0 178 75 00 00 00 00 00 00 00 00 00 00 00 00 00 00 00 00 0 21 77 178 75 200 00 00 
map update id 6 key 107 1 00 00 value 10 0 0 1 10 0 24 77 00 00 00 00 00 00 00 00 00 00 00 00 00 00 00 00 0 21 77 24 77 216 00 00 
map update id 6 key 108 1 00 00 value 10 0 0 1 10 0 75 126 00 00 00 00 00 00 00 00 00 00 00 00 00 00 00 00 0 21 77 75 126 196 00 00 
map update id 6 key 109 1 00 00 value 10 0 0 1 10 0 63 10 00 00 00 00 00 00 00 00 00 00 00 00 00 00 00 00 0 21 77 63 10 174 00 00 
map update id 6 key 110 1 00 00 value 10 0 0 1 10 0 161 129 00 00 00 00 00 00 00 00 00 00 00 00 00 00 00 00 0 21 77 161 129 159 00 00 
map update id 6 key 111 1 00 00 value 10 0 0 1 10 0 129 60 00 00 00 00 00 00 00 00 00 00 00 00 00 00 00 00 0 21 77 129 60 94 00 00 
map update id 6 key 112 1 00 00 value 10 0 0 1 10 0 143 99 00 00 00 00 00 00 00 00 00 00 00 00 00 00 00 00 0 21 77 143 99 92 00 00 
map update id 6 key 113 1 00 00 value 10 0 0 1 10 0 89 127 00 00 00 00 00 00 00 00 00 00 00 00 00 00 00 00 0 21 77 89 127 173 00 00 
map update id 6 key 114 1 00 00 value 10 0 0 1 10 0 214 65 00 00 00 00 00 00 00 00 00 00 00 00 00 00 00 00 0 21 77 214 65 189 00 00 
map update id 6 key 115 1 00 00 value 10 0 0 1 10 0 178 75 00 00 00 00 00 00 00 00 00 00 00 00 00 00 00 00 0 21 77 178 75 200 00 00 
map update id 6 key 116 1 00 00 value 10 0 0 1 10 0 24 77 00 00 00 00 00 00 00 00 00 00 00 00 00 00 00 00 0 21 77 24 77 216 00 00 
map update id 6 key 117 1 00 00 value 10 0 0 1 10 0 75 126 00 00 00 00 00 00 00 00 00 00 00 00 00 00 00 00 0 21 77 75 126 196 00 00 
map update id 6 key 118 1 00 00 value 10 0 0 1 10 0 63 10 00 00 00 00 00 00 00 00 00 00 00 00 00 00 00 00 0 21 77 63 10 174 00 00 
map update id 6 key 119 1 00 00 value 10 0 0 1 10 0 161 129 00 00 00 00 00 00 00 00 00 00 00 00 00 00 00 00 0 21 77 161 129 159 00 00 
map update id 6 key 120 1 00 00 value 10 0 0 1 10 0 129 60 00 00 00 00 00 00 00 00 00 00 00 00 00 00 00 00 0 21 77 129 60 94 00 00 
map update id 6 key 121 1 00 00 value 10 0 0 1 10 0 143 99 00 00 00 00 00 00 00 00 00 00 00 00 00 00 00 00 0 21 77 143 99 92 00 00 
map update id 6 key 122 1 00 00 value 10 0 0 1 10 0 89 127 00 00 00 00 00 00 00 00 00 00 00 00 00 00 00 00 0 21 77 89 127 173 00 00 
map update id 6 key 123 1 00 00 value 10 0 0 1 10 0 214 65 00 00 00 00 00 00 00 00 00 00 00 00 00 00 00 00 0 21 77 214 65 189 00 00 
map update id 6 key 124 1 00 00 value 10 0 0 1 10 0 178 75 00 00 00 00 00 00 00 00 00 00 00 00 00 00 00 00 0 21 77 178 75 200 00 00 
map update id 6 key 125 1 00 00 value 10 0 0 1 10 0 24 77 00 00 00 00 00 00 00 00 00 00 00 00 00 00 00 00 0 21 77 24 77 216 00 00 
map update id 6 key 126 1 00 00 value 10 0 0 1 10 0 75 126 00 00 00 00 00 00 00 00 00 00 00 00 00 00 00 00 0 21 77 75 126 196 00 00 
map update id 6 key 127 1 00 00 value 10 0 0 1 10 0 63 10 00 00 00 00 00 00 00 00 00 00 00 00 00 00 00 00 0 21 77 63 10 174 00 00 
map update id 6 key 128 1 00 00 value 10 0 0 1 10 0 161 129 00 00 00 00 00 00 00 00 00 00 00 00 00 00 00 00 0 21 77 161 129 159 00 00 
map update id 6 key 129 1 00 00 value 10 0 0 1 10 0 129 60 00 00 00 00 00 00 00 00 00 00 00 00 00 00 00 00 0 21 77 129 60 94 00 00 
map update id 6 key 130 1 00 00 value 10 0 0 1 10 0 143 99 00 00 00 00 00 00 00 00 00 00 00 00 00 00 00 00 0 21 77 143 99 92 00 00 
map update id 6 key 131 1 00 00 value 10 0 0 1 10 0 89 127 00 00 00 00 00 00 00 00 00 00 00 00 00 00 00 00 0 21 77 89 127 173 00 00 
map update id 6 key 132 1 00 00 value 10 0 0 1 10 0 214 65 00 00 00 00 00 00 00 00 00 00 00 00 00 00 00 00 0 21 77 214 65 189 00 00 
map update id 6 key 133 1 00 00 value 10 0 0 1 10 0 178 75 00 00 00 00 00 00 00 00 00 00 00 00 00 00 00 00 0 21 77 178 75 200 00 00 
map update id 6 key 134 1 00 00 value 10 0 0 1 10 0 24 77 00 00 00 00 00 00 00 00 00 00 00 00 00 00 00 00 0 21 77 24 77 216 00 00 
map update id 6 key 135 1 00 00 value 10 0 0 1 10 0 75 126 00 00 00 00 00 00 00 00 00 00 00 00 00 00 00 00 0 21 77 75 126 196 00 00 
map update id 6 key 136 1 00 00 value 10 0 0 1 10 0 63 10 00 00 00 00 00 00 00 00 00 00 00 00 00 00 00 00 0 21 77 63 10 174 00 00 
map update id 6 key 137 1 00 00 value 10 0 0 1 10 0 161 129 00 00 00 00 00 00 00 00 00 00 00 00 00 00 00 00 0 21 77 161 129 159 00 00 
map update id 6 key 138 1 00 00 value 10 0 0 1 10 0 129 60 00 00 00 00 00 00 00 00 00 00 00 00 00 00 00 00 0 21 77 129 60 94 00 00 
map update id 6 key 139 1 00 00 value 10 0 0 1 10 0 143 99 00 00 00 00 00 00 00 00 00 00 00 00 00 00 00 00 0 21 77 143 99 92 00 00 
map update id 6 key 140 1 00 00 value 10 0 0 1 10 0 89 127 00 00 00 00 00 00 00 00 00 00 00 00 00 00 00 00 0 21 77 89 127 173 00 00 
map update id 6 key 141 1 00 00 value 10 0 0 1 10 0 214 65 00 00 00 00 00 00 00 00 00 00 00 00 00 00 00 00 0 21 77 214 65 189 00 00 
map update id 6 key 142 1 00 00 value 10 0 0 1 10 0 178 75 00 00 00 00 00 00 00 00 00 00 00 00 00 00 00 00 0 21 77 178 75 200 00 00 
map update id 6 key 143 1 00 00 value 10 0 0 1 10 0 24 77 00 00 00 00 00 00 00 00 00 00 00 00 00 00 00 00 0 21 77 24 77 216 00 00 
map update id 6 key 144 1 00 00 value 10 0 0 1 10 0 75 126 00 00 00 00 00 00 00 00 00 00 00 00 00 00 00 00 0 21 77 75 126 196 00 00 
map update id 6 key 145 1 00 00 value 10 0 0 1 10 0 63 10 00 00 00 00 00 00 00 00 00 00 00 00 00 00 00 00 0 21 77 63 10 174 00 00 
map update id 6 key 146 1 00 00 value 10 0 0 1 10 0 161 129 00 00 00 00 00 00 00 00 00 00 00 00 00 00 00 00 0 21 77 161 129 159 00 00 
map update id 6 key 147 1 00 00 value 10 0 0 1 10 0 129 60 00 00 00 00 00 00 00 00 00 00 00 00 00 00 00 00 0 21 77 129 60 94 00 00 
map update id 6 key 148 1 00 00 value 10 0 0 1 10 0 143 99 00 00 00 00 00 00 00 00 00 00 00 00 00 00 00 00 0 21 77 143 99 92 00 00 
map update id 6 key 149 1 00 00 value 10 0 0 1 10 0 89 127 00 00 00 00 00 00 00 00 00 00 00 00 00 00 00 00 0 21 77 89 127 173 00 00 
map update id 6 key 150 1 00 00 value 10 0 0 1 10 0 214 65 00 00 00 00 00 00 00 00 00 00 00 00 00 00 00 00 0 21 77 214 65 189 00 00 
map update id 6 key 151 1 00 00 value 10 0 0 1 10 0 178 75 00 00 00 00 00 00 00 00 00 00 00 00 00 00 00 00 0 21 77 178 75 200 00 00 
map update id 6 key 152 1 00 00 value 10 0 0 1 10 0 24 77 00 00 00 00 00 00 00 00 00 00 00 00 00 00 00 00 0 21 77 24 77 216 00 00 
map update id 6 key 153 1 00 00 value 10 0 0 1 10 0 75 126 00 00 00 00 00 00 00 00 00 00 00 00 00 00 00 00 0 21 77 75 126 196 00 00 
map update id 6 key 154 1 00 00 value 10 0 0 1 10 0 63 10 00 00 00 00 00 00 00 00 00 00 00 00 00 00 00 00 0 21 77 63 10 174 00 00 
map update id 6 key 155 1 00 00 value 10 0 0 1 10 0 161 129 00 00 00 00 00 00 00 00 00 00 00 00 00 00 00 00 0 21 77 161 129 159 00 00 
map update id 6 key 156 1 00 00 value 10 0 0 1 10 0 129 60 00 00 00 00 00 00 00 00 00 00 00 00 00 00 00 00 0 21 77 129 60 94 00 00 
map update id 6 key 157 1 00 00 value 10 0 0 1 10 0 143 99 00 00 00 00 00 00 00 00 00 00 00 00 00 00 00 00 0 21 77 143 99 92 00 00 
map update id 6 key 158 1 00 00 value 10 0 0 1 10 0 89 127 00 00 00 00 00 00 00 00 00 00 00 00 00 00 00 00 0 21 77 89 127 173 00 00 
map update id 6 key 159 1 00 00 value 10 0 0 1 10 0 214 65 00 00 00 00 00 00 00 00 00 00 00 00 00 00 00 00 0 21 77 214 65 189 00 00 
map update id 6 key 160 1 00 00 value 10 0 0 1 10 0 178 75 00 00 00 00 00 00 00 00 00 00 00 00 00 00 00 00 0 21 77 178 75 200 00 00 
map update id 6 key 161 1 00 00 value 10 0 0 1 10 0 24 77 00 00 00 00 00 00 00 00 00 00 00 00 00 00 00 00 0 21 77 24 77 216 00 00 
map update id 6 key 162 1 00 00 value 10 0 0 1 10 0 75 126 00 00 00 00 00 00 00 00 00 00 00 00 00 00 00 00 0 21 77 75 126 196 00 00 
map update id 6 key 163 1 00 00 value 10 0 0 1 10 0 63 10 00 00 00 00 00 00 00 00 00 00 00 00 00 00 00 00 0 21 77 63 10 174 00 00 
map update id 6 key 164 1 00 00 value 10 0 0 1 10 0 161 129 00 00 00 00 00 00 00 00 00 00 00 00 00 00 00 00 0 21 77 161 129 159 00 00 
map update id 6 key 165 1 00 00 value 10 0 0 1 10 0 129 60 00 00 00 00 00 00 00 00 00 00 00 00 00 00 00 00 0 21 77 129 60 94 00 00 
map update id 6 key 166 1 00 00 value 10 0 0 1 10 0 143 99 00 00 00 00 00 00 00 00 00 00 00 00 00 00 00 00 0 21 77 143 99 92 00 00 
map update id 6 key 167 1 00 00 value 10 0 0 1 10 0 89 127 00 00 00 00 00 00 00 00 00 00 00 00 00 00 00 00 0 21 77 89 127 173 00 00 
map update id 6 key 168 1 00 00 value 10 0 0 1 10 0 214 65 00 00 00 00 00 00 00 00 00 00 00 00 00 00 00 00 0 21 77 214 65 189 00 00 
map update id 6 key 169 1 00 00 value 10 0 0 1 10 0 178 75 00 00 00 00 00 00 00 00 00 00 00 00 00 00 00 00 0 21 77 178 75 200 00 00 
map update id 6 key 170 1 00 00 value 10 0 0 1 10 0 24 77 00 00 00 00 00 00 00 00 00 00 00 00 00 00 00 00 0 21 77 24 77 216 00 00 
map update id 6 key 171 1 00 00 value 10 0 0 1 10 0 75 126 00 00 00 00 00 00 00 00 00 00 00 00 00 00 00 00 0 21 77 75 126 196 00 00 
map update id 6 key 172 1 00 00 value 10 0 0 1 10 0 63 10 00 00 00 00 00 00 00 00 00 00 00 00 00 00 00 00 0 21 77 63 10 174 00 00 
map update id 6 key 173 1 00 00 value 10 0 0 1 10 0 161 129 00 00 00 00 00 00 00 00 00 00 00 00 00 00 00 00 0 21 77 161 129 159 00 00 
map update id 6 key 174 1 00 00 value 10 0 0 1 10 0 129 60 00 00 00 00 00 00 00 00 00 00 00 00 00 00 00 00 0 21 77 129 60 94 00 00 
map update id 6 key 175 1 00 00 value 10 0 0 1 10 0 143 99 00 00 00 00 00 00 00 00 00 00 00 00 00 00 00 00 0 21 77 143 99 92 00 00 
map update id 6 key 176 1 00 00 value 10 0 0 1 10 0 89 127 00 00 00 00 00 00 00 00 00 00 00 00 00 00 00 00 0 21 77 89 127 173 00 00 
map update id 6 key 177 1 00 00 value 10 0 0 1 10 0 214 65 00 00 00 00 00 00 00 00 00 00 00 00 00 00 00 00 0 21 77 214 65 189 00 00 
map update id 6 key 178 1 00 00 value 10 0 0 1 10 0 178 75 00 00 00 00 00 00 00 00 00 00 00 00 00 00 00 00 0 21 77 178 75 200 00 00 
map update id 6 key 179 1 00 00 value 10 0 0 1 10 0 24 77 00 00 00 00 00 00 00 00 00 00 00 00 00 00 00 00 0 21 77 24 77 216 00 00 
map update id 6 key 180 1 00 00 value 10 0 0 1 10 0 75 126 00 00 00 00 00 00 00 00 00 00 00 00 00 00 00 00 0 21 77 75 126 196 00 00 
map update id 6 key 181 1 00 00 value 10 0 0 1 10 0 63 10 00 00 00 00 00 00 00 00 00 00 00 00 00 00 00 00 0 21 77 63 10 174 00 00 
map update id 6 key 182 1 00 00 value 10 0 0 1 10 0 161 129 00 00 00 00 00 00 00 00 00 00 00 00 00 00 00 00 0 21 77 161 129 159 00 00 
map update id 6 key 183 1 00 00 value 10 0 0 1 10 0 129 60 00 00 00 00 00 00 00 00 00 00 00 00 00 00 00 00 0 21 77 129 60 94 00 00 
map update id 6 key 184 1 00 00 value 10 0 0 1 10 0 143 99 00 00 00 00 00 00 00 00 00 00 00 00 00 00 00 00 0 21 77 143 99 92 00 00 
map update id 6 key 185 1 00 00 value 10 0 0 1 10 0 89 127 00 00 00 00 00 00 00 00 00 00 00 00 00 00 00 00 0 21 77 89 127 173 00 00 
map update id 6 key 186 1 00 00 value 10 0 0 1 10 0 214 65 00 00 00 00 00 00 00 00 00 00 00 00 00 00 00 00 0 21 77 214 65 189 00 00 
map update id 6 key 187 1 00 00 value 10 0 0 1 10 0 178 75 00 00 00 00 00 00 00 00 00 00 00 00 00 00 00 00 0 21 77 178 75 200 00 00 
map update id 6 key 188 1 00 00 value 10 0 0 1 10 0 24 77 00 00 00 00 00 00 00 00 00 00 00 00 00 00 00 00 0 21 77 24 77 216 00 00 
map update id 6 key 189 1 00 00 value 10 0 0 1 10 0 75 126 00 00 00 00 00 00 00 00 00 00 00 00 00 00 00 00 0 21 77 75 126 196 00 00 
map update id 6 key 190 1 00 00 value 10 0 0 1 10 0 63 10 00 00 00 00 00 00 00 00 00 00 00 00 00 00 00 00 0 21 77 63 10 174 00 00 
map update id 6 key 191 1 00 00 value 10 0 0 1 10 0 161 129 00 00 00 00 00 00 00 00 00 00 00 00 00 00 00 00 0 21 77 161 129 159 00 00 
map update id 6 key 192 1 00 00 value 10 0 0 1 10 0 129 60 00 00 00 00 00 00 00 00 00 00 00 00 00 00 00 00 0 21 77 129 60 94 00 00 
map update id 6 key 193 1 00 00 value 10 0 0 1 10 0 143 99 00 00 00 00 00 00 00 00 00 00 00 00 00 00 00 00 0 21 77 143 99 92 00 00 
map update id 6 key 194 1 00 00 value 10 0 0 1 10 0 89 127 00 00 00 00 00 00 00 00 00 00 00 00 00 00 00 00 0 21 77 89 127 173 00 00 
map update id 6 key 195 1 00 00 value 10 0 0 1 10 0 214 65 00 00 00 00 00 00 00 00 00 00 00 00 00 00 00 00 0 21 77 214 65 189 00 00 
map update id 6 key 196 1 00 00 value 10 0 0 1 10 0 178 75 00 00 00 00 00 00 00 00 00 00 00 00 00 00 00 00 0 21 77 178 75 200 00 00 
map update id 6 key 197 1 00 00 value 10 0 0 1 10 0 24 77 00 00 00 00 00 00 00 00 00 00 00 00 00 00 00 00 0 21 77 24 77 216 00 00 
map update id 6 key 198 1 00 00 value 10 0 0 1 10 0 75 126 00 00 00 00 00 00 00 00 00 00 00 00 00 00 00 00 0 21 77 75 126 196 00 00 
map update id 6 key 199 1 00 00 value 10 0 0 1 10 0 63 10 00 00 00 00 00 00 00 00 00 00 00 00 00 00 00 00 0 21 77 63 10 174 00 00 
map update id 6 key 200 1 00 00 value 10 0 0 1 10 0 161 129 00 00 00 00 00 00 00 00 00 00 00 00 00 00 00 00 0 21 77 161 129 159 00 00 
map update id 6 key 201 1 00 00 value 10 0 0 1 10 0 129 60 00 00 00 00 00 00 00 00 00 00 00 00 00 00 00 00 0 21 77 129 60 94 00 00 
map update id 6 key 202 1 00 00 value 10 0 0 1 10 0 143 99 00 00 00 00 00 00 00 00 00 00 00 00 00 00 00 00 0 21 77 143 99 92 00 00 
map update id 6 key 203 1 00 00 value 10 0 0 1 10 0 89 127 00 00 00 00 00 00 00 00 00 00 00 00 00 00 00 00 0 21 77 89 127 173 00 00 
map update id 6 key 204 1 00 00 value 10 0 0 1 10 0 214 65 00 00 00 00 00 00 00 00 00 00 00 00 00 00 00 00 0 21 77 214 65 189 00 00 
map update id 6 key 205 1 00 00 value 10 0 0 1 10 0 178 75 00 00 00 00 00 00 00 00 00 00 00 00 00 00 00 00 0 21 77 178 75 200 00 00 
map update id 6 key 206 1 00 00 value 10 0 0 1 10 0 24 77 00 00 00 00 00 00 00 00 00 00 00 00 00 00 00 00 0 21 77 24 77 216 00 00 
map update id 6 key 207 1 00 00 value 10 0 0 1 10 0 75 126 00 00 00 00 00 00 00 00 00 00 00 00 00 00 00 00 0 21 77 75 126 196 00 00 
map update id 6 key 208 1 00 00 value 10 0 0 1 10 0 63 10 00 00 00 00 00 00 00 00 00 00 00 00 00 00 00 00 0 21 77 63 10 174 00 00 
map update id 6 key 209 1 00 00 value 10 0 0 1 10 0 161 129 00 00 00 00 00 00 00 00 00 00 00 00 00 00 00 00 0 21 77 161 129 159 00 00 
map update id 6 key 210 1 00 00 value 10 0 0 1 10 0 129 60 00 00 00 00 00 00 00 00 00 00 00 00 00 00 00 00 0 21 77 129 60 94 00 00 
map update id 6 key 211 1 00 00 value 10 0 0 1 10 0 143 99 00 00 00 00 00 00 00 00 00 00 00 00 00 00 00 00 0 21 77 143 99 92 00 00 
map update id 6 key 212 1 00 00 value 10 0 0 1 10 0 89 127 00 00 00 00 00 00 00 00 00 00 00 00 00 00 00 00 0 21 77 89 127 173 00 00 
map update id 6 key 213 1 00 00 value 10 0 0 1 10 0 214 65 00 00 00 00 00 00 00 00 00 00 00 00 00 00 00 00 0 21 77 214 65 189 00 00 
map update id 6 key 214 1 00 00 value 10 0 0 1 10 0 178 75 00 00 00 00 00 00 00 00 00 00 00 00 00 00 00 00 0 21 77 178 75 200 00 00 
map update id 6 key 215 1 00 00 value 10 0 0 1 10 0 24 77 00 00 00 00 00 00 00 00 00 00 00 00 00 00 00 00 0 21 77 24 77 216 00 00 
map update id 6 key 216 1 00 00 value 10 0 0 1 10 0 75 126 00 00 00 00 00 00 00 00 00 00 00 00 00 00 00 00 0 21 77 75 126 196 00 00 
map update id 6 key 217 1 00 00 value 10 0 0 1 10 0 63 10 00 00 00 00 00 00 00 00 00 00 00 00 00 00 00 00 0 21 77 63 10 174 00 00 
map update id 6 key 218 1 00 00 value 10 0 0 1 10 0 161 129 00 00 00 00 00 00 00 00 00 00 00 00 00 00 00 00 0 21 77 161 129 159 00 00 
map update id 6 key 219 1 00 00 value 10 0 0 1 10 0 129 60 00 00 00 00 00 00 00 00 00 00 00 00 00 00 00 00 0 21 77 129 60 94 00 00 
map update id 6 key 220 1 00 00 value 10 0 0 1 10 0 143 99 00 00 00 00 00 00 00 00 00 00 00 00 00 00 00 00 0 21 77 143 99 92 00 00 
map update id 6 key 221 1 00 00 value 10 0 0 1 10 0 89 127 00 00 00 00 00 00 00 00 00 00 00 00 00 00 00 00 0 21 77 89 127 173 00 00 
map update id 6 key 222 1 00 00 value 10 0 0 1 10 0 214 65 00 00 00 00 00 00 00 00 00 00 00 00 00 00 00 00 0 21 77 214 65 189 00 00 
map update id 6 key 223 1 00 00 value 10 0 0 1 10 0 178 75 00 00 00 00 00 00 00 00 00 00 00 00 00 00 00 00 0 21 77 178 75 200 00 00 
map update id 6 key 224 1 00 00 value 10 0 0 1 10 0 24 77 00 00 00 00 00 00 00 00 00 00 00 00 00 00 00 00 0 21 77 24 77 216 00 00 
map update id 6 key 225 1 00 00 value 10 0 0 1 10 0 75 126 00 00 00 00 00 00 00 00 00 00 00 00 00 00 00 00 0 21 77 75 126 196 00 00 
map update id 6 key 226 1 00 00 value 10 0 0 1 10 0 63 10 00 00 00 00 00 00 00 00 00 00 00 00 00 00 00 00 0 21 77 63 10 174 00 00 
map update id 6 key 227 1 00 00 value 10 0 0 1 10 0 161 129 00 00 00 00 00 00 00 00 00 00 00 00 00 00 00 00 0 21 77 161 129 159 00 00 
map update id 6 key 228 1 00 00 value 10 0 0 1 10 0 129 60 00 00 00 00 00 00 00 00 00 00 00 00 00 00 00 00 0 21 77 129 60 94 00 00 
map update id 6 key 229 1 00 00 value 10 0 0 1 10 0 143 99 00 00 00 00 00 00 00 00 00 00 00 00 00 00 00 00 0 21 77 143 99 92 00 00 
map update id 6 key 230 1 00 00 value 10 0 0 1 10 0 89 127 00 00 00 00 00 00 00 00 00 00 00 00 00 00 00 00 0 21 77 89 127 173 00 00 
map update id 6 key 231 1 00 00 value 10 0 0 1 10 0 214 65 00 00 00 00 00 00 00 00 00 00 00 00 00 00 00 00 0 21 77 214 65 189 00 00 
map update id 6 key 232 1 00 00 value 10 0 0 1 10 0 178 75 00 00 00 00 00 00 00 00 00 00 00 00 00 00 00 00 0 21 77 178 75 200 00 00 
map update id 6 key 233 1 00 00 value 10 0 0 1 10 0 24 77 00 00 00 00 00 00 00 00 00 00 00 00 00 00 00 00 0 21 77 24 77 216 00 00 
map update id 6 key 234 1 00 00 value 10 0 0 1 10 0 75 126 00 00 00 00 00 00 00 00 00 00 00 00 00 00 00 00 0 21 77 75 126 196 00 00 
map update id 6 key 235 1 00 00 value 10 0 0 1 10 0 63 10 00 00 00 00 00 00 00 00 00 00 00 00 00 00 00 00 0 21 77 63 10 174 00 00 
map update id 6 key 236 1 00 00 value 10 0 0 1 10 0 161 129 00 00 00 00 00 00 00 00 00 00 00 00 00 00 00 00 0 21 77 161 129 159 00 00 
map update id 6 key 237 1 00 00 value 10 0 0 1 10 0 129 60 00 00 00 00 00 00 00 00 00 00 00 00 00 00 00 00 0 21 77 129 60 94 00 00 
map update id 6 key 238 1 00 00 value 10 0 0 1 10 0 143 99 00 00 00 00 00 00 00 00 00 00 00 00 00 00 00 00 0 21 77 143 99 92 00 00 
map update id 6 key 239 1 00 00 value 10 0 0 1 10 0 89 127 00 00 00 00 00 00 00 00 00 00 00 00 00 00 00 00 0 21 77 89 127 173 00 00 
map update id 6 key 240 1 00 00 value 10 0 0 1 10 0 214 65 00 00 00 00 00 00 00 00 00 00 00 00 00 00 00 00 0 21 77 214 65 189 00 00 
map update id 6 key 241 1 00 00 value 10 0 0 1 10 0 178 75 00 00 00 00 00 00 00 00 00 00 00 00 00 00 00 00 0 21 77 178 75 200 00 00 
map update id 6 key 242 1 00 00 value 10 0 0 1 10 0 24 77 00 00 00 00 00 00 00 00 00 00 00 00 00 00 00 00 0 21 77 24 77 216 00 00 
map update id 6 key 243 1 00 00 value 10 0 0 1 10 0 75 126 00 00 00 00 00 00 00 00 00 00 00 00 00 00 00 00 0 21 77 75 126 196 00 00 
map update id 6 key 244 1 00 00 value 10 0 0 1 10 0 63 10 00 00 00 00 00 00 00 00 00 00 00 00 00 00 00 00 0 21 77 63 10 174 00 00 
map update id 6 key 245 1 00 00 value 10 0 0 1 10 0 161 129 00 00 00 00 00 00 00 00 00 00 00 00 00 00 00 00 0 21 77 161 129 159 00 00 
map update id 6 key 246 1 00 00 value 10 0 0 1 10 0 129 60 00 00 00 00 00 00 00 00 00 00 00 00 00 00 00 00 0 21 77 129 60 94 00 00 
map update id 6 key 247 1 00 00 value 10 0 0 1 10 0 143 99 00 00 00 00 00 00 00 00 00 00 00 00 00 00 00 00 0 21 77 143 99 92 00 00 
map update id 6 key 248 1 00 00 value 10 0 0 1 10 0 89 127 00 00 00 00 00 00 00 00 00 00 00 00 00 00 00 00 0 21 77 89 127 173 00 00 
map update id 6 key 249 1 00 00 value 10 0 0 1 10 0 214 65 00 00 00 00 00 00 00 00 00 00 00 00 00 00 00 00 0 21 77 214 65 189 00 00 
map update id 6 key 250 1 00 00 value 10 0 0 1 10 0 178 75 00 00 00 00 00 00 00 00 00 00 00 00 00 00 00 00 0 21 77 178 75 200 00 00 
map update id 6 key 251 1 00 00 value 10 0 0 1 10 0 24 77 00 00 00 00 00 00 00 00 00 00 00 00 00 00 00 00 0 21 77 24 77 216 00 00 
map update id 6 key 252 1 00 00 value 10 0 0 1 10 0 75 126 00 00 00 00 00 00 00 00 00 00 00 00 00 00 00 00 0 21 77 75 126 196 00 00 
map update id 6 key 253 1 00 00 value 10 0 0 1 10 0 63 10 00 00 00 00 00 00 00 00 00 00 00 00 00 00 00 00 0 21 77 63 10 174 00 00 
map update id 6 key 254 1 00 00 value 10 0 0 1 10 0 161 129 00 00 00 00 00 00 00 00 00 00 00 00 00 00 00 00 0 21 77 161 129 159 00 00 
map update id 6 key 255 1 00 00 value 10 0 0 1 10 0 129 60 00 00 00 00 00 00 00 00 00 00 00 00 00 00 00 00 0 21 77 129 60 94 00 00 
